120
-0.780030433088541 -1.0999999940395355 0.699966074898839
-0.780030433088541 1.0999999940395355 0.699966074898839
2.259989082813263 -0.7499999832361937 -0.8224811404943466
2.259989455342293 -0.7499999832361937 -0.4804609343409538
2.259989082813263 0.7499999832361937 -0.8224811404943466
2.259989455342293 0.7499999832361937 -0.4804609343409538
2.353949472308159 0.7000000216066837 -0.4462339449673891
2.353949472308159 -0.7000000216066837 -0.4462339449673891
2.3539669811725616 0.7000000216066837 -0.8566581644117832
2.3539669811725616 -0.7000000216066837 -0.8566581644117832
2.1115360781550407 -0.7499999832361937 -1.0344930924475193
2.1115360781550407 0.7499999832361937 -1.0344930924475193
2.2825464606285095 -0.7499999832361937 -0.738295167684555
2.2825464606285095 0.7499999832361937 -0.738295167684555
2.2825466468930244 -0.7499999832361937 -0.5646469537168741
2.2825466468930244 0.7499999832361937 -0.5646469537168741
2.2231556475162506 -0.7499999832361937 -0.901470985263586
2.2231556475162506 0.7499999832361937 -0.901470985263586
-0.29997758101671934 0.7000000216066837 -0.5196283105760813
-0.29997758101671934 -0.7000000216066837 -0.5196283105760813
2.2497860714793205 0.7000000216066837 -1.0371231473982334
2.2497860714793205 -0.7000000216066837 -1.0371231473982334
1.5849549323320389 0.7000000216066837 -1.2152950279414654
1.5849549323320389 -0.7000000216066837 -1.2152950279414654
-0.10003043571487069 -1.0999999940395355 0.699995644390583
-0.10003043571487069 1.0999999940395355 0.699995644390583
-0.5196021869778633 0.7000000216066837 -0.30002258718013763
-0.5196021869778633 -0.7000000216066837 -0.30002258718013763
2.0401423797011375 -0.7499999832361937 -1.0844835080206394
2.0401423797011375 0.7499999832361937 -1.0844835080206394
2.175835147500038 0.7000000216066837 -1.1110804975032806
2.175835147500038 -0.7000000216066837 -1.1110804975032806
-0.780190946534276 -0.6868240889161825 4.392369836568832
-0.7801912724971771 -0.6000000052154064 4.399966076016426
-0.7801912724971771 0.6000000052154064 4.399966076016426
-0.780190946534276 0.6868240889161825 4.392369836568832
-0.7801899686455727 -0.7710100617259741 4.369812458753586
-0.7801899686455727 0.7710100617259741 4.369812458753586
-0.7801883853971958 0.8500000461935997 4.332978650927544
-0.7801883853971958 -0.8500000461935997 4.332978650927544
-0.7801861967891455 0.9213938377797604 4.2829882353544235
-0.7801861967891455 -0.9213938377797604 4.2829882353544235
-0.7801835425198078 -0.9830222465097904 4.221360012888908
-0.7801835425198078 0.9830222465097904 4.221360012888908
-0.7801804225891829 1.0330126620829105 4.149965941905975
-0.7801804225891829 -1.0330126620829105 4.149965941905975
-0.7801769766956568 1.0698462836444378 4.0709760040044785
-0.7801769766956568 -1.0698462836444378 4.0709760040044785
-0.2500004833564162 -0.7499999832361937 -0.4330124706029892
-0.2500004833564162 0.7499999832361937 -0.4330124706029892
-0.7801733445376158 1.0924038477241993 3.986790031194687
-0.7801733445376158 -1.0924038477241993 3.986790031194687
1.9953791052103043 0.7000000216066837 -1.2152772396802902
1.9953791052103043 -0.7000000216066837 -1.2152772396802902
-0.7801695726811886 -1.0999999940395355 3.8999661803245544
-0.7801695726811886 1.0999999940395355 3.8999661803245544
-0.20518761593848467 0.7000000216066837 -0.5638245027512312
-0.20518761593848467 -0.7000000216066837 -0.5638245027512312
2.3901427164673805 0.7000000216066837 -0.651444448158145
2.3901427164673805 -0.7000000216066837 -0.651444448158145
2.3097706958651543 0.7000000216066837 -0.9514479897916317
2.3097706958651543 -0.7000000216066837 -0.9514479897916317
-0.38565248250961304 0.7000000216066837 -0.45964340679347515
-0.38565248250961304 -0.7000000216066837 -0.45964340679347515
1.7033178359270096 -0.7499999832361937 -1.1438743211328983
1.7033178359270096 0.7499999832361937 -1.1438743211328983
-0.5638067610561848 0.7000000216066837 -0.2052366267889738
-0.5638067610561848 -0.7000000216066837 -0.2052366267889738
-0.10019094916060567 -0.6868240889161825 4.39239963889122
-0.10019127512350678 -0.6000000052154064 4.399995878338814
-0.10019127512350678 0.6000000052154064 4.399995878338814
-0.10019094916060567 0.6868240889161825 4.39239963889122
-0.10018997127190232 -0.7710100617259741 4.3698422610759735
-0.10018997127190232 0.7710100617259741 4.3698422610759735
-0.10018836474046111 0.8500000461935997 4.333008453249931
-0.10018836474046111 -0.8500000461935997 4.333008453249931
-0.10018619941547513 0.9213938377797604 4.283018037676811
-0.10018619941547513 -0.9213938377797604 4.283018037676811
-0.45960983261466026 0.7000000216066837 -0.38569250609725714
-0.45960983261466026 -0.7000000216066837 -0.38569250609725714
-0.10018351022154093 -0.9830222465097904 4.221389815211296
-0.10018351022154093 0.9830222465097904 4.221389815211296
-0.10018041357398033 1.0330126620829105 4.149995744228363
-0.10018041357398033 -1.0330126620829105 4.149995744228363
-0.10017697932198644 1.0698462836444378 4.071005806326866
-0.10017697932198644 -1.0698462836444378 4.071005806326866
-0.10017332388088107 1.0924038477241993 3.9868198335170746
-0.10017332388088107 -1.0924038477241993 3.9868198335170746
2.090165391564369 0.7000000216066837 -1.1710727587342262
2.090165391564369 -0.7000000216066837 -1.1710727587342262
-0.1001695403829217 -1.0999999940395355 3.899995982646942
-0.1001695403829217 1.0999999940395355 3.899995982646942
1.6191322356462479 -0.7499999832361937 -1.1213166639208794
1.6191322356462479 0.7499999832361937 -1.1213166639208794
1.7901424318552017 -0.7499999832361937 -1.151470560580492
1.7901424318552017 0.7499999832361937 -1.151470560580492
1.9611526280641556 -0.7499999832361937 -1.1213170364499092
1.9611526280641556 0.7499999832361937 -1.1213170364499092
1.8943574279546738 0.7000000216066837 -1.2423506937921047
1.8943574279546738 -0.7000000216066837 -1.2423506937921047
1.7901692539453506 0.7000000216066837 -1.2514705769717693
1.7901692539453506 -0.7000000216066837 -1.2514705769717693
0.3998346161097288 0.7000000216066837 3.800017386674881
0.3998346161097288 -0.7000000216066837 3.800017386674881
1.6859795898199081 0.7000000216066837 -1.2423597276210785
1.6859795898199081 -0.7000000216066837 -1.2423597276210785
2.381022647023201 0.7000000216066837 -0.5472559947520494
2.381022647023201 -0.7000000216066837 -0.5472559947520494
2.2901425138115883 -0.7499999832361937 -0.651471083983779
2.2901425138115883 0.7499999832361937 -0.651471083983779
-0.5908802151679993 0.7000000216066837 -0.1042145537212491
-0.5908802151679993 -0.7000000216066837 -0.1042145537212491
1.8769662827253342 -0.7499999832361937 -1.1438745073974133
1.8769662827253342 0.7499999832361937 -1.1438745073974133
2.381031960248947 0.7000000216066837 -0.7556337863206863
2.381031960248947 -0.7000000216066837 -0.7556337863206863
2.173164300620556 -0.7499999832361937 -0.9728647768497467
2.173164300620556 0.7499999832361937 -0.9728647768497467
-0.1710105803795159 -0.7499999832361937 -0.46984609216451645
-0.1710105803795159 0.7499999832361937 -0.46984609216451645
