70
1.743362657725811 -1.6624609008431435 3.2848570495843887
1.743362657725811 1.6624609008431435 3.2848570495843887
2.980872057378292 1.2000000104308128 4.912802204489708
2.980872057378292 -1.2000000104308128 4.912802204489708
3.361816704273224 1.3500000350177288 4.780237004160881
3.361816704273224 -1.3500000350177288 4.780237004160881
-0.47765900380909443 1.9500000402331352 0.3631003899499774
-0.47765900380909443 -1.9500000402331352 0.3631003899499774
4.011814668774605 1.2000000104308128 4.781816527247429
4.011814668774605 -1.2000000104308128 4.781816527247429
-0.4405286628752947 1.9500000402331352 -0.40735057555139065
-0.4405286628752947 -1.9500000402331352 -0.40735057555139065
-0.2746394369751215 1.9500000402331352 -0.533453980460763
-0.2746394369751215 -1.9500000402331352 -0.533453980460763
0.324664986692369 1.9500000402331352 -0.504571758210659
0.324664986692369 -1.9500000402331352 -0.504571758210659
3.326019272208214 1.2000000104308128 5.134886130690575
3.326019272208214 -1.2000000104308128 5.134886130690575
3.534155711531639 1.2000000104308128 5.144916847348213
3.534155711531639 -1.2000000104308128 5.144916847348213
4.031571373343468 1.2000000104308128 4.371868073940277
4.031571373343468 -1.2000000104308128 4.371868073940277
2.5836510583758354 -1.7000000923871994 2.4073349311947823
2.5836510583758354 1.7000000923871994 2.4073349311947823
2.085224539041519 1.2000000104308128 3.7345770746469498
2.085224539041519 -1.2000000104308128 3.7345770746469498
0.9150488302111626 1.9500000402331352 0.21228655241429806
0.9150488302111626 -1.9500000402331352 0.21228655241429806
3.6890659481287003 1.3500000350177288 4.6464163810014725
3.6890659481287003 -1.3500000350177288 4.6464163810014725
-0.5730402655899525 1.9500000402331352 0.17783374059945345
-0.5730402655899525 -1.9500000402331352 0.17783374059945345
-0.0756246387027204 1.9500000402331352 -0.5952150095254183
-0.0756246387027204 -1.9500000402331352 -0.5952150095254183
2.3993849754333496 -0.8545084856450558 2.1649323403835297
2.3993849754333496 0.8545084856450558 2.1649323403835297
0.13251156779006124 1.9500000402331352 -0.5851842928677797
0.13251156779006124 -1.9500000402331352 -0.5851842928677797
3.7065375596284866 1.3500000350177288 4.518191888928413
3.7065375596284866 -1.3500000350177288 4.518191888928413
3.1338661909103394 1.2000000104308128 5.054273456335068
3.1338661909103394 -1.2000000104308128 5.054273456335068
1.628333143889904 -1.7000000923871994 3.133535757660866
1.628333143889904 1.7000000923871994 3.133535757660866
3.7331704050302505 1.2000000104308128 5.083156004548073
3.7331704050302505 -1.2000000104308128 5.083156004548073
-0.040269127930514514 1.9500000402331352 0.9384873323142529
-0.040269127930514514 -1.9500000402331352 0.9384873323142529
3.8990598171949387 1.2000000104308128 4.957052320241928
3.8990598171949387 -1.2000000104308128 4.957052320241928
0.9949996136128902 -1.932230219244957 0.3174618585035205
0.9949996136128902 1.932230219244957 0.3174618585035205
2.6986805722117424 -1.6624609008431435 2.55865640938282
2.6986805722117424 1.6624609008431435 2.55865640938282
-0.553283654153347 1.9500000402331352 -0.23211461957544088
-0.553283654153347 -1.9500000402331352 -0.23211461957544088
3.9361901581287384 1.2000000104308128 4.186601564288139
3.9361901581287384 -1.2000000104308128 4.186601564288139
1.0692675597965717 1.8801841884851456 0.41516139172017574
1.0692675597965717 -1.8801841884851456 0.41516139172017574
0.47765900380909443 1.9500000402331352 -0.3631003899499774
0.47765900380909443 -1.9500000402331352 -0.3631003899499774
3.609823063015938 1.3500000350177288 4.748726636171341
3.609823063015938 -1.3500000350177288 4.748726636171341
4.057835415005684 1.2000000104308128 4.578584060072899
4.057835415005684 -1.2000000104308128 4.578584060072899
-0.5993044469505548 1.9500000402331352 -0.028882280457764864
-0.5993044469505548 -1.9500000402331352 -0.028882280457764864
3.490041196346283 1.3500000350177288 4.797708243131638
3.490041196346283 -1.3500000350177288 4.797708243131638
