104
3.2665640115737915 -0.44999998062849045 1.4036325737833977
3.2665640115737915 0.44999998062849045 1.4036325737833977
-0.1443783286958933 0.5499999970197678 -0.7359721697866917
-0.1443783286958933 -0.5499999970197678 -0.7359721697866917
-0.6735266651958227 0.5499999970197678 0.3299423959106207
-0.6735266651958227 -0.5499999970197678 0.3299423959106207
2.3416511714458466 1.1500000022351742 1.0809628292918205
2.3416511714458466 -1.1500000022351742 1.0809628292918205
-0.7482623681426048 0.5499999970197678 -0.05102480645291507
-0.7482623681426048 -0.5499999970197678 -0.05102480645291507
-0.7359721232205629 0.5499999970197678 0.14437815407291055
-0.7359721232205629 -0.5499999970197678 0.14437815407291055
2.6230081915855408 1.2000000104308128 0.9111431427299976
2.6230081915855408 -1.2000000104308128 0.9111431427299976
2.5303369387984276 1.2000000104308128 0.6796039640903473
2.5303369387984276 -1.2000000104308128 0.6796039640903473
-0.4930214025080204 0.5499999970197678 -0.5651813000440598
-0.4930214025080204 -0.5499999970197678 -0.5651813000440598
-0.3299423726275563 0.5499999970197678 -0.6735267583280802
-0.3299423726275563 -0.5499999970197678 -0.6735267583280802
3.4898359328508377 0.4999999888241291 -0.5769731942564249
3.4898359328508377 -0.4999999888241291 -0.5769731942564249
3.2031212002038956 0.4999999888241291 -0.6922378670424223
3.2031212002038956 -0.4999999888241291 -0.6922378670424223
2.445109002292156 1.2000000104308128 0.6539399269968271
2.445109002292156 -1.2000000104308128 0.6539399269968271
2.289211004972458 -0.44999998062849045 1.4363599941134453
2.289211004972458 0.44999998062849045 1.4363599941134453
-0.565181439742446 0.5499999970197678 0.4930214025080204
-0.565181439742446 -0.5499999970197678 0.4930214025080204
-0.7095597218722105 0.5499999970197678 -0.24295086041092873
-0.7095597218722105 -0.5499999970197678 -0.24295086041092873
2.5790225714445114 1.2000000104308128 0.9885236620903015
2.5790225714445114 -1.2000000104308128 0.9885236620903015
0.05102480645291507 0.5499999970197678 -0.7482622750103474
0.05102480645291507 -0.5499999970197678 -0.7482622750103474
3.107667714357376 -0.44999998062849045 -0.7902426645159721
3.107667714357376 0.44999998062849045 -0.7902426645159721
2.2339405491948128 1.2000000104308128 0.8846121840178967
2.2339405491948128 -1.2000000104308128 0.8846121840178967
-0.6225018296390772 0.5499999970197678 -0.4183199256658554
-0.6225018296390772 -0.5499999970197678 -0.4183199256658554
2.5058185681700706 1.2000000104308128 1.0391565039753914
2.5058185681700706 -1.2000000104308128 1.0391565039753914
3.6793362349271774 -0.44999998062849045 1.2023800984025002
3.6793362349271774 0.44999998062849045 1.2023800984025002
2.3079585283994675 1.1500000022351742 1.0708172805607319
2.3079585283994675 -1.1500000022351742 1.0708172805607319
2.2670146077871323 1.2000000104308128 0.9672475047409534
2.2670146077871323 -1.2000000104308128 0.9672475047409534
2.450580894947052 1.1500000022351742 1.09721003100276
2.450580894947052 -1.1500000022351742 1.09721003100276
2.595989592373371 1.2000000104308128 0.7397056091576815
2.595989592373371 -1.2000000104308128 0.7397056091576815
3.56111079454422 -0.44999998062849045 1.3051234185695648
3.56111079454422 0.44999998062849045 1.3051234185695648
3.7669405341148376 -0.44999998062849045 1.0725387372076511
3.7669405341148376 0.44999998062849045 1.0725387372076511
2.4144940078258514 1.1500000022351742 1.1028972454369068
2.4144940078258514 -1.1500000022351742 1.1028972454369068
3.4203216433525085 -0.44999998062849045 1.3737669214606285
3.4203216433525085 0.44999998062849045 1.3737669214606285
3.828902170062065 -0.44999998062849045 0.768199423328042
3.828902170062065 0.44999998062849045 0.768199423328042
3.557301312685013 -0.44999998062849045 -0.6508933380246162
3.557301312685013 0.44999998062849045 -0.6508933380246162
3.767990320920944 -0.44999998062849045 -0.22994366008788347
3.767990320920944 0.44999998062849045 -0.22994366008788347
2.3571856319904327 1.2000000104308128 0.6677965633571148
2.3571856319904327 -1.2000000104308128 0.6677965633571148
3.664839267730713 -0.44999998062849045 -0.5314007867127657
3.664839267730713 0.44999998062849045 -0.5314007867127657
2.6290636509656906 1.2000000104308128 0.822340976446867
2.6290636509656906 -1.2000000104308128 0.822340976446867
3.4218959510326385 -0.44999998062849045 -0.7375437300652266
3.4218959510326385 0.44999998062849045 -0.7375437300652266
2.283981814980507 1.2000000104308128 0.7184294518083334
2.283981814980507 -1.2000000104308128 0.7184294518083334
2.4680495262145996 -0.44999998062849045 1.4523625373840332
2.4680495262145996 0.44999998062849045 1.4523625373840332
3.736790269613266 -0.44999998062849045 -0.3876443952322006
3.736790269613266 0.44999998062849045 -0.3876443952322006
3.355606272816658 0.4999999888241291 -0.6573110818862915
3.355606272816658 -0.4999999888241291 -0.6573110818862915
2.631130628287792 1.2000000104308128 0.8412940427660942
2.631130628287792 -1.2000000104308128 0.8412940427660942
3.5926703363656998 0.4999999888241291 -0.45908810570836067
3.5926703363656998 -0.4999999888241291 -0.45908810570836067
3.817955404520035 -0.44999998062849045 0.9244478307664394
3.817955404520035 0.44999998062849045 0.9244478307664394
2.417895756661892 1.2000000104308128 1.0530131869018078
2.417895756661892 -1.2000000104308128 1.0530131869018078
2.5243978947401047 1.1500000022351742 1.0855765081942081
2.5243978947401047 -1.1500000022351742 1.0855765081942081
-0.4183200653642416 0.5499999970197678 0.6225018296390772
-0.4183200653642416 -0.5499999970197678 0.6225018296390772
3.2683439552783966 -0.44999998062849045 -0.7851325906813145
3.2683439552783966 0.44999998062849045 -0.7851325906813145
-0.2429508138448 0.5499999970197678 0.7095597218722105
-0.2429508138448 -0.5499999970197678 0.7095597218722105
2.332667261362076 1.2000000104308128 1.027349103242159
2.332667261362076 -1.2000000104308128 1.027349103242159
2.2399960085749626 1.2000000104308128 0.795810017734766
2.2399960085749626 -1.2000000104308128 0.795810017734766
