80
0.8883407339453697 1.2000000104308128 4.706628620624542
0.8883407339453697 -1.2000000104308128 4.706628620624542
0.3366659861057997 1.3500000350177288 4.988677799701691
0.3366659861057997 -1.3500000350177288 4.988677799701691
-0.03299370291642845 1.2000000104308128 5.249166861176491
-0.03299370291642845 -1.2000000104308128 5.249166861176491
0.1503073493950069 1.2000000104308128 -0.5808680318295956
0.1503073493950069 -1.2000000104308128 -0.5808680318295956
0.7954456843435764 1.2000000104308128 5.065625160932541
0.7954456843435764 -1.2000000104308128 5.065625160932541
0.1142302411608398 1.3500000350177288 4.9214910715818405
0.1142302411608398 -1.3500000350177288 4.9214910715818405
-0.036547554191201925 1.2000000104308128 -0.5988859571516514
-0.036547554191201925 -1.2000000104308128 -0.5988859571516514
0.6710388697683811 1.2000000104308128 5.2062030881643295
0.6710388697683811 -1.2000000104308128 5.2062030881643295
-0.3094308078289032 1.2000000104308128 4.779723659157753
-0.3094308078289032 -1.2000000104308128 4.779723659157753
-0.21982486359775066 1.2000000104308128 -0.5582805722951889
-0.21982486359775066 -1.2000000104308128 -0.5582805722951889
0.21716803312301636 1.3500000350177288 4.9824971705675125
0.21716803312301636 -1.3500000350177288 4.9824971705675125
-0.4195000510662794 0.657006399706006 2.9760725796222687
-0.4195000510662794 -0.657006399706006 2.9760725796222687
0.5092791747301817 1.2000000104308128 5.301456898450851
0.5092791747301817 -1.2000000104308128 5.301456898450851
0.5988859105855227 1.2000000104308128 -0.03654716711025685
0.5988859105855227 -1.2000000104308128 -0.03654716711025685
-0.38158379029482603 1.2000000104308128 -0.4630269017070532
-0.38158379029482603 -1.2000000104308128 -0.4630269017070532
0.19544099923223257 1.3500000350177288 -0.15589372487738729
0.19544099923223257 -1.3500000350177288 -0.15589372487738729
0.3260022262111306 1.2000000104308128 5.342061817646027
0.3260022262111306 -1.2000000104308128 5.342061817646027
-0.5059906747192144 1.2000000104308128 -0.3224489511922002
-0.5059906747192144 -1.2000000104308128 -0.3224489511922002
-0.13119933428242803 1.3500000350177288 -0.21280692890286446
-0.13119933428242803 -1.3500000350177288 -0.21280692890286446
-0.01727497874526307 1.3500000350177288 -0.24940227158367634
-0.01727497874526307 -1.3500000350177288 -0.24940227158367634
0.13914735754951835 1.2000000104308128 5.324044078588486
0.13914735754951835 -1.2000000104308128 5.324044078588486
0.7028636056929827 -0.4070064052939415 1.6672894358634949
0.7028636056929827 0.4070064052939415 1.6672894358634949
0.3224487416446209 1.2000000104308128 -0.5059910006821156
0.3224487416446209 -1.2000000104308128 -0.5059910006821156
-0.5988860037177801 1.2000000104308128 0.03654742904473096
-0.5988860037177801 -1.2000000104308128 0.03654742904473096
0.04316562553867698 1.3500000350177288 4.70026321709156
0.04316562553867698 -1.3500000350177288 4.70026321709156
0.44534914195537567 1.3500000350177288 4.93861697614193
0.44534914195537567 -1.3500000350177288 4.93861697614193
0.5183180794119835 1.3500000350177288 4.843783006072044
0.5183180794119835 -1.3500000350177288 4.843783006072044
0.463026762008667 1.2000000104308128 -0.38158376701176167
0.463026762008667 -1.2000000104308128 -0.38158376701176167
0.8703230880200863 1.2000000104308128 4.893483594059944
0.8703230880200863 -1.2000000104308128 4.893483594059944
-0.2496659755706787 1.3500000350177288 -0.012913186219520867
-0.2496659755706787 -1.3500000350177288 -0.012913186219520867
-0.4949086345732212 -0.4070064052939415 1.7403842881321907
-0.4949086345732212 0.4070064052939415 1.7403842881321907
0.5582804791629314 1.2000000104308128 -0.21982446778565645
0.5582804791629314 -1.2000000104308128 -0.21982446778565645
-0.21506755147129297 1.3500000350177288 -0.12745968997478485
-0.21506755147129297 -1.3500000350177288 -0.12745968997478485
-0.2688254229724407 1.2000000104308128 4.963000491261482
-0.2688254229724407 -1.2000000104308128 4.963000491261482
0.5388573277741671 1.3500000350177288 4.725901037454605
0.5388573277741671 -1.3500000350177288 4.725901037454605
0.0514335697516799 1.3500000350177288 4.819635301828384
0.0514335697516799 -1.3500000350177288 4.819635301828384
-0.5808680318295956 1.2000000104308128 -0.1503074774518609
-0.5808680318295956 -1.2000000104308128 -0.1503074774518609
-0.1735716941766441 1.2000000104308128 5.124759674072266
-0.1735716941766441 -1.2000000104308128 5.124759674072266
0.24550179950892925 1.3500000350177288 -0.04721128789242357
0.24550179950892925 -1.3500000350177288 -0.04721128789242357
0.10060681961476803 1.3500000350177288 -0.22886302322149277
0.10060681961476803 -1.3500000350177288 -0.22886302322149277
