408
3.3330610949185158e-12 -3.6730486899614334 4.086745902895927
1.002087579853473e-12 -3.74087393283844 -8.883843678203162e-16
1.1337352362255845e-11 3.736123815178871 3.9157740771770477
1.0951443473860428e-11 3.750000149011612 3.7837501615285873
3.3407050590477175e-12 -3.750000149011612 3.7837501615285873
3.3326890780480817e-12 -3.736123815178871 3.9157740771770477
-1.0021743160272718e-12 3.74087393283844 8.883843678203162e-16
1.1822968548191176e-11 3.6730486899614334 4.086745902895927
0.178432185202837 -3.7457525730133057 1.0987496934831142
0.178432185202837 3.7457525730133057 1.0987496934831142
0.5038094241172075 -3.7160027772188187 3.7837501615285873
0.5038094241172075 3.7160027772188187 3.7837501615285873
4.125184565782547 -0.8331744000315666 6.327235698699951
-4.131583124399185 -0.712155643850565 6.672405451536179
4.0532514452934265 0.47000013291835785 6.950187683105469
4.014596343040466 -0.8160552009940147 6.805375963449478
-2.405371703207493 0.7058989722281694 9.136901795864105
-2.405371703207493 -0.7058989722281694 9.136901795864105
-4.214010760188103 -0.6223676260560751 6.152345985174179
3.941381722688675 -0.9162666276097298 6.767594069242477
-4.11212183535099 -0.8280591107904911 6.492333114147186
4.102662205696106 0.46999999321997166 6.865449994802475
-4.053240641951561 0.4700000397861004 6.9501809775829315
2.33114305883646 -2.9196562245488167 3.9157740771770477
2.33114305883646 2.9196562245488167 3.9157740771770477
-4.125174880027771 -0.8331162855029106 6.32924810051918
-4.141813889145851 0.46999999321997166 6.784599274396896
-2.4491405114531517 0.46500000171363354 9.168601036071777
-2.4491405114531517 -0.46500000171363354 9.168601036071777
-4.208626598119736 -0.606628367677331 6.509565562009811
2.1616769954562187 0.9140128269791603 9.219654649496078
2.1616769954562187 -0.9140128269791603 9.219654649496078
2.4379022419452667 0.5970239173620939 9.160462021827698
2.4379022419452667 -0.5970239173620939 9.160462021827698
2.0510856062173843 0.46500000171363354 9.546861797571182
2.0510856062173843 -0.46500000171363354 9.546861797571182
1.9248783588409424 3.2182827591896057 3.7837501615285873
1.9248783588409424 -3.2182827591896057 3.7837501615285873
-3.9411060512065887 -0.9162453003227711 6.76831528544426
4.224782809615135 -0.6151242181658745 6.329680234193802
0.7500963285565376 3.674215078353882 -2.130402720012213e-12
0.7500963285565376 3.674215078353882 1.0999999940395355
0.7500963285565376 -3.674215078353882 -2.1321479466967358e-12
0.7500963285565376 -3.674215078353882 1.0999999940395355
-4.174830764532089 0.7327178958803415 6.156453490257263
-1.4750538393855095 -3.4477118402719498 3.7837501615285873
-1.4750538393855095 3.4477118402719498 3.7837501615285873
-4.224750399589539 -0.6150274537503719 6.331877410411835
4.2060986161231995 0.49518970772624016 6.59409761428833
3.9017148315906525 0.999937392771244 6.594298034906387
-2.7171652764081955 -0.46999999321997166 8.798493444919586
-2.7171652764081955 0.46999999321997166 8.798493444919586
4.129813238978386 -0.46999999321997166 6.807033717632294
-2.7122989296913147 -2.5895820930600166 3.7837501615285873
-2.7122989296913147 2.5895820930600166 3.7837501615285873
4.07477393746376 0.8223180659115314 6.653102487325668
4.171798378229141 0.7199001498520374 6.502988934516907
-3.9021819829940796 0.9999623522162437 6.592797487974167
-0.9947890415787697 3.6012519150972366 3.9157740771770477
-0.9947890415787697 -3.6012519150972366 3.9157740771770477
3.8515478372573853 -0.9976780042052269 6.721235811710358
-3.862755000591278 0.9140128269791603 6.899682432413101
-3.862755000591278 -0.9140128269791603 6.899682432413101
4.149789735674858 0.4840849433094263 6.7649587988853455
-3.9963852614164352 -0.5733043421059847 6.996463984251022
-3.035617433488369 2.201709896326065 3.7837501615285873
-3.035617433488369 -2.201709896326065 3.7837501615285873
-4.031198471784592 0.9241457097232342 6.477177143096924
3.8512982428073883 0.9976662695407867 6.72188475728035
3.2860510051250458 1.7821067944169044 -9.336350187969314e-12
3.2860510051250458 -1.7821067944169044 -9.33719654329021e-12
-4.206813499331474 0.495365122333169 6.591203063726425
-4.042970761656761 0.9274770505726337 6.3252173364162445
-1.8912890926003456 0.46500000171363354 9.628433734178543
-1.8912890926003456 -0.46500000171363354 9.628433734178543
-2.3398010060191154 2.9305001720786095 3.7837501615285873
-2.3398010060191154 -2.9305001720786095 3.7837501615285873
-4.0142972022295 -0.8160226978361607 6.806154549121857
-4.177623987197876 -0.46999999321997166 6.693287193775177
-3.348951041698456 1.675841212272644 9.515891357227482e-12
-3.348951041698456 -1.675841212272644 9.515095146257063e-12
4.187178239226341 0.46999999321997166 6.664543598890305
-4.042963683605194 -0.9274390526115894 6.327077746391296
4.238125681877136 -0.515054352581501 6.2151797115802765
1.557806320488453 -3.4111198037862778 1.0987496934831142
1.557806320488453 3.4111198037862778 1.0987496934831142
4.225839301943779 -0.46999999321997166 6.507808715105057
1.7741292715072632 0.46500000171363354 9.68824028968811
1.7741292715072632 -0.46500000171363354 9.68824028968811
-4.178895056247711 0.46999999321997166 6.68959766626358
-4.067277908325195 0.7037220988422632 6.8325623869895935
-2.292940579354763 0.46500000171363354 9.351415932178497
-2.292940579354763 -0.46500000171363354 9.351415932178497
-4.165834188461304 -0.5971318576484919 6.684044003486633
1.875000074505806 -3.2475952059030533 -5.328275323669869e-12
1.875000074505806 -3.2475952059030533 1.0999999940395355
1.875000074505806 3.2475952059030533 -5.3267330460795084e-12
1.875000074505806 3.2475952059030533 1.0999999940395355
-4.1863106191158295 0.7268115412443876 6.328735500574112
4.0133703500032425 -0.46999999321997166 7.008764892816544
4.0133703500032425 0.46999999321997166 7.008764892816544
-0.7743414025753736 0.9812723845243454 -0.3000000026077032
-0.7743414025753736 -0.9812723845243454 -0.3000000026077032
1.9177556037902832 -3.2063741236925125 3.9157740771770477
1.9177556037902832 3.2063741236925125 3.9157740771770477
0.48774308525025845 -1.1509155854582787 -0.3000000026077032
0.48774308525025845 1.1509155854582787 -0.3000000026077032
4.097855091094971 0.5867654923349619 6.849353760480881
-3.701438382267952 -0.6015423219650984 1.0516885078732871e-11
-3.701438382267952 0.6015423219650984 1.0517171037055864e-11
3.449922800064087 -1.4698747545480728 -9.802737370749257e-12
3.449922800064087 1.4698747545480728 -9.802038737974361e-12
4.166468977928162 -0.5972458049654961 6.682094186544418
4.075334221124649 -0.8223871700465679 6.651301681995392
-0.501945149153471 -3.702252358198166 3.9157740771770477
-0.501945149153471 3.702252358198166 3.9157740771770477
-2.7022624388337135 2.579999715089798 3.9157740771770477
-2.7022624388337135 -2.579999715089798 3.9157740771770477
0.9779945947229862 -3.5404540598392487 4.086745902895927
0.9779945947229862 3.5404540598392487 4.086745902895927
-4.186291992664337 -0.7267329376190901 6.330861896276474
1.5555334277451038 3.4066639840602875 3.7837501615285873
1.5555334277451038 -3.4066639840602875 3.7837501615285873
4.244302213191986 -0.46999999321997166 6.288154423236847
-0.5336806643754244 3.7118304520845413 1.0987496934831142
-0.5336806643754244 -3.7118304520845413 1.0987496934831142
-1.4447852969169617 3.37696373462677 4.086745902895927
-1.4447852969169617 -3.37696373462677 4.086745902895927
-4.238000139594078 -0.5063106305897236 6.396056711673737
-1.549999974668026 0.9999999776482582 9.788750112056732
-1.549999974668026 -0.9999999776482582 9.788750112056732
-2.455727756023407 -2.834060974419117 1.0987496934831142
-2.455727756023407 2.834060974419117 1.0987496934831142
-0.4520125687122345 -3.7226583808660507 1.2834353331080302e-12
-0.4520125687122345 -3.7226583808660507 1.0999999940395355
-0.4520125687122345 3.7226583808660507 1.2852034296821288e-12
-0.4520125687122345 3.7226583808660507 1.0999999940395355
-1.6075970605015755 3.3879391849040985 4.568527088751051e-12
-1.6075970605015755 3.3879391849040985 1.0999999940395355
-1.6075970605015755 -3.3879391849040985 4.566918064964447e-12
-1.6075970605015755 -3.3879391849040985 1.0999999940395355
0.9984837844967842 -3.6146271973848343 3.7837501615285873
0.9984837844967842 3.6146271973848343 3.7837501615285873
2.3716701194643974 -2.9047686606645584 -6.739400026543538e-12
2.3716701194643974 -2.9047686606645584 1.0999999940395355
2.3716701194643974 2.9047686606645584 -6.73802037927905e-12
2.3716701194643974 2.9047686606645584 1.0999999940395355
3.5293016582727432 1.2321067973971367 -1.0027637493146072e-11
4.132184013724327 -0.712248682975769 6.670510023832321
-2.238631062209606 -0.7679957896471024 9.296900779008865
-2.238631062209606 0.7679957896471024 9.296900779008865
-4.243877530097961 -0.46999999321997166 6.264010071754456
-4.105377942323685 0.47751530073583126 6.85216560959816
3.974238410592079 -0.7080039940774441 6.980423629283905
3.974238410592079 0.7080039940774441 6.980423629283905
3.976541757583618 -0.6939960177987814 6.982091814279556
3.976541757583618 0.6939958315342665 6.982091814279556
-0.4934710916131735 -3.639749065041542 4.086745902895927
-0.4934710916131735 3.639749065041542 4.086745902895927
-1.4695956371724606 -3.434954211115837 3.9157740771770477
-1.4695956371724606 3.434954211115837 3.9157740771770477
4.174947738647461 0.7326914928853512 6.157279387116432
-4.230043292045593 -0.46999999321997166 6.482493877410889
-2.1802501752972603 1.0230489075183868 8.973858505487442
-2.1802501752972603 -1.0230489075183868 8.973858505487442
-2.7129849418997765 0.46500000171363354 8.804299682378769
-2.7129849418997765 -0.46500000171363354 8.804299682378769
1.329768355935812 -3.5063110291957855 -3.779150657776814e-12
1.329768355935812 -3.5063110291957855 1.0999999940395355
1.329768355935812 3.5063110291957855 -3.777485391002512e-12
1.329768355935812 3.5063110291957855 1.0999999940395355
4.237160086631775 -0.5057685077190399 6.4064741134643555
-3.72290201485157 -0.44999998062849045 1.0577906687505786e-11
-3.72290201485157 0.44999998062849045 1.0578120139808495e-11
-2.9979104176163673 -2.252783440053463 8.517534279880307e-12
-2.9979104176163673 2.252783440053463 8.518604251899278e-12
-4.17192280292511 0.7199336774647236 6.50220587849617
-1.0059714317321777 0.7419713772833347 -0.3000000026077032
-1.0059714317321777 -0.7419713772833347 -0.3000000026077032
-3.5570114850997925 -1.1875050142407417 1.010638106405462e-11
-3.5570114850997925 1.1875050142407417 1.0106944849184313e-11
4.112236574292183 -0.8280839771032333 6.491590291261673
1.166190393269062 -0.44999998062849045 -0.3000000026077032
1.166190393269062 0.44999998062849045 -0.3000000026077032
4.2443349957466125 0.46999999321997166 6.295299530029297
-4.098191112279892 0.5868189036846161 6.848514825105667
-2.2985095158219337 0.9140128269791603 9.05950739979744
-2.2985095158219337 -0.9140128269791603 9.05950739979744
-4.066958278417587 -0.7036783266812563 6.833380460739136
-4.066189751029015 -0.47170319594442844 6.9294072687625885
4.244082793593407 -0.46999999321997166 6.322023272514343
4.1288841515779495 -0.48090359196066856 6.807974725961685
-3.320460021495819 1.7427118495106697 9.434954987425082e-12
-3.320460021495819 -1.7427118495106697 9.434126928015846e-12
-2.2831471636891365 0.5970239173620939 9.341585636138916
-2.2831471636891365 -0.5970239173620939 9.341585636138916
4.031093418598175 0.9241294115781784 6.4778633415699005
-2.043529599905014 0.5970239173620939 9.535223245620728
-2.043529599905014 -0.5970239173620939 9.535223245620728
3.996789827942848 0.9203702211380005 6.626603752374649
4.20876108109951 -0.6066694855690002 6.508757919073105
0.1665213261730969 1.2388586066663265 -0.3000000026077032
0.1665213261730969 -1.2388586066663265 -0.3000000026077032
3.9973050355911255 -0.9204153902828693 6.624937802553177
-4.213894158601761 0.6224001757800579 6.151491031050682
-2.3868178948760033 -0.7679957896471024 9.123463928699493
-2.3868178948760033 0.7679957896471024 9.123463928699493
-4.141953215003014 0.482787424698472 6.7834049463272095
-4.237440228462219 -0.5154469050467014 6.206447258591652
0.8840960450470448 -3.6442935466766357 1.0987496934831142
0.8840960450470448 3.6442935466766357 1.0987496934831142
4.237440228462219 0.5154469050467014 6.206447258591652
4.141953215003014 -0.482787424698472 6.7834049463272095
2.3868178948760033 -0.7679957896471024 9.123463928699493
2.3868178948760033 0.7679957896471024 9.123463928699493
2.8069153428077698 -2.486709877848625 -7.975978682855586e-12
2.8069153428077698 -2.486709877848625 1.0999999940395355
2.8069153428077698 2.486709877848625 -7.974797580113935e-12
2.8069153428077698 2.486709877848625 1.0999999940395355
-2.9423311352729797 -2.3136217147111893 3.7837501615285873
-2.9423311352729797 2.3136217147111893 3.7837501615285873
4.213894158601761 -0.6224001757800579 6.151491031050682
-3.9973050355911255 0.9204153902828693 6.624937802553177
-0.1665213261730969 1.2388586066663265 -0.3000000026077032
-0.1665213261730969 -1.2388586066663265 -0.3000000026077032
-4.20876108109951 0.6066694855690002 6.508757919073105
-3.996789827942848 -0.9203702211380005 6.626603752374649
2.043529599905014 0.5970239173620939 9.535223245620728
2.043529599905014 -0.5970239173620939 9.535223245620728
-4.031093418598175 -0.9241294115781784 6.4778633415699005
2.2831471636891365 0.5970239173620939 9.341585636138916
2.2831471636891365 -0.5970239173620939 9.341585636138916
-1.0433155111968517 3.6019429564476013 2.9652648202540058e-12
-1.0433155111968517 3.6019429564476013 1.0999999940395355
-1.0433155111968517 -3.6019429564476013 2.963554152513731e-12
-1.0433155111968517 -3.6019429564476013 1.0999999940395355
-4.1288841515779495 0.48090359196066856 6.807974725961685
-2.9476990923285484 2.318096160888672 1.0987496934831142
-2.9476990923285484 -2.318096160888672 1.0987496934831142
-4.244082793593407 0.46999999321997166 6.322023272514343
4.066189751029015 0.47170319594442844 6.9294072687625885
4.066958278417587 0.7036783266812563 6.833380460739136
2.2985095158219337 0.9140128269791603 9.05950739979744
2.2985095158219337 -0.9140128269791603 9.05950739979744
4.098191112279892 -0.5868189036846161 6.848514825105667
-4.2443349957466125 -0.46999999321997166 6.295299530029297
-1.166190393269062 -0.44999998062849045 -0.3000000026077032
-1.166190393269062 0.44999998062849045 -0.3000000026077032
-4.112236574292183 0.8280839771032333 6.491590291261673
1.0059714317321777 0.7419713772833347 -0.3000000026077032
1.0059714317321777 -0.7419713772833347 -0.3000000026077032
2.0571067929267883 -3.1218960881233215 -5.845671846973002e-12
2.0571067929267883 3.1218960881233215 -5.8441892005021284e-12
2.7140026912093163 -2.587796375155449 1.0987496934831142
2.7140026912093163 2.587796375155449 1.0987496934831142
4.17192280292511 -0.7199336774647236 6.50220587849617
-4.237160086631775 0.5057685077190399 6.4064741134643555
2.7129849418997765 0.46500000171363354 8.804299682378769
2.7129849418997765 -0.46500000171363354 8.804299682378769
2.1802501752972603 1.0230489075183868 8.973858505487442
2.1802501752972603 -1.0230489075183868 8.973858505487442
4.230043292045593 0.46999999321997166 6.482493877410889
-4.174947738647461 -0.7326914928853512 6.157279387116432
1.4695956371724606 -3.434954211115837 3.9157740771770477
1.4695956371724606 3.434954211115837 3.9157740771770477
0.4934710916131735 -3.639749065041542 4.086745902895927
0.4934710916131735 3.639749065041542 4.086745902895927
-3.976541757583618 -0.6939958315342665 6.982091814279556
-3.976541757583618 0.6939960177987814 6.982091814279556
-3.974238410592079 -0.7080039940774441 6.980423629283905
-3.974238410592079 0.7080039940774441 6.980423629283905
4.105377942323685 -0.47751530073583126 6.85216560959816
4.243877530097961 0.46999999321997166 6.264010071754456
-3.5380087792873383 1.2321067973971367 1.005296242301626e-11
2.238631062209606 -0.7679957896471024 9.296900779008865
2.238631062209606 0.7679957896471024 9.296900779008865
-4.132184013724327 0.712248682975769 6.670510023832321
-2.597716264426708 2.704509161412716 7.38162582816261e-12
-2.597716264426708 2.704509161412716 1.0999999940395355
-2.597716264426708 -2.704509161412716 7.380341048588215e-12
-2.597716264426708 -2.704509161412716 1.0999999940395355
-0.9984837844967842 -3.6146271973848343 3.7837501615285873
-0.9984837844967842 3.6146271973848343 3.7837501615285873
1.549999974668026 0.9999999776482582 9.788750112056732
1.549999974668026 -0.9999999776482582 9.788750112056732
4.238000139594078 0.5063106305897236 6.396056711673737
1.4447852969169617 3.37696373462677 4.086745902895927
1.4447852969169617 -3.37696373462677 4.086745902895927
-4.244302213191986 0.46999999321997166 6.288154423236847
4.186291992664337 0.7267329376190901 6.330861896276474
-0.9779945947229862 -3.5404540598392487 4.086745902895927
-0.9779945947229862 3.5404540598392487 4.086745902895927
2.7022624388337135 2.579999715089798 3.9157740771770477
2.7022624388337135 -2.579999715089798 3.9157740771770477
3.1694628298282623 2.004246786236763 -9.0050315565849e-12
3.1694628298282623 -2.004246786236763 -9.005982943991256e-12
0.8828718215227127 3.638320043683052 3.7837501615285873
0.8828718215227127 -3.638320043683052 3.7837501615285873
0.501945149153471 -3.702252358198166 3.9157740771770477
0.501945149153471 3.702252358198166 3.9157740771770477
-4.075334221124649 0.8223871700465679 6.651301681995392
-4.166468977928162 0.5972458049654961 6.682094186544418
-2.130242809653282 3.086189553141594 6.053467324846143e-12
-2.130242809653282 3.086189553141594 1.0999999940395355
-2.130242809653282 -3.086189553141594 6.052001619034214e-12
-2.130242809653282 -3.086189553141594 1.0999999940395355
-4.097855091094971 -0.5867654923349619 6.849353760480881
-0.48774308525025845 -1.1509155854582787 -0.3000000026077032
-0.48774308525025845 1.1509155854582787 -0.3000000026077032
-3.2955482602119446 1.7821067944169044 9.364181657737017e-12
-3.2955482602119446 -1.7821067944169044 9.36333530241612e-12
-1.9177556037902832 -3.2063741236925125 3.9157740771770477
-1.9177556037902832 3.2063741236925125 3.9157740771770477
0.7743414025753736 0.9812723845243454 -0.3000000026077032
0.7743414025753736 -0.9812723845243454 -0.3000000026077032
-4.0133703500032425 -0.46999999321997166 7.008764892816544
-4.0133703500032425 0.46999999321997166 7.008764892816544
4.1863106191158295 -0.7268115412443876 6.328735500574112
-1.875000074505806 -3.2475952059030533 1.0987496934831142
-1.875000074505806 3.2475952059030533 1.0987496934831142
3.6410316824913025 -0.897433701902628 -1.0345605530029042e-11
3.6410316824913025 0.897433701902628 -1.0345179303049984e-11
4.165834188461304 0.5971318576484919 6.684044003486633
2.292940579354763 0.46500000171363354 9.351415932178497
2.292940579354763 -0.46500000171363354 9.351415932178497
4.067277908325195 -0.7037220988422632 6.8325623869895935
4.178895056247711 -0.46999999321997166 6.68959766626358
-1.7741292715072632 0.46500000171363354 9.68824028968811
-1.7741292715072632 -0.46500000171363354 9.68824028968811
-4.225839301943779 0.46999999321997166 6.507808715105057
-4.238125681877136 0.515054352581501 6.2151797115802765
4.042963683605194 0.9274390526115894 6.327077746391296
0.15099727315828204 -3.7469588220119476 -4.2992372730171324e-13
0.15099727315828204 -3.7469588220119476 1.0999999940395355
0.15099727315828204 3.7469588220119476 -4.281440687278846e-13
0.15099727315828204 3.7469588220119476 1.0999999940395355
-4.187178239226341 -0.46999999321997166 6.664543598890305
4.177623987197876 0.46999999321997166 6.693287193775177
4.0142972022295 0.8160226978361607 6.806154549121857
2.3398010060191154 2.9305001720786095 3.7837501615285873
2.3398010060191154 -2.9305001720786095 3.7837501615285873
1.8912890926003456 0.46500000171363354 9.628433734178543
1.8912890926003456 -0.46500000171363354 9.628433734178543
4.042970761656761 -0.9274770505726337 6.3252173364162445
4.206813499331474 -0.495365122333169 6.591203063726425
-3.8512982428073883 -0.9976662695407867 6.72188475728035
4.031198471784592 -0.9241457097232342 6.477177143096924
3.035617433488369 2.201709896326065 3.7837501615285873
3.035617433488369 -2.201709896326065 3.7837501615285873
3.9963852614164352 0.5733043421059847 6.996463984251022
-4.149789735674858 -0.4840849433094263 6.7649587988853455
3.862755000591278 0.9140128269791603 6.899682432413101
3.862755000591278 -0.9140128269791603 6.899682432413101
-3.8515478372573853 0.9976780042052269 6.721235811710358
0.9947890415787697 3.6012519150972366 3.9157740771770477
0.9947890415787697 -3.6012519150972366 3.9157740771770477
3.9021819829940796 -0.9999623522162437 6.592797487974167
-1.8734326586127281 -3.244522213935852 3.7837501615285873
-1.8734326586127281 3.244522213935852 3.7837501615285873
-4.171798378229141 -0.7199001498520374 6.502988934516907
-4.07477393746376 -0.8223180659115314 6.653102487325668
2.7122989296913147 -2.5895820930600166 3.7837501615285873
2.7122989296913147 2.5895820930600166 3.7837501615285873
-4.129813238978386 0.46999999321997166 6.807033717632294
2.175213396549225 3.054659813642502 1.0987496934831142
2.175213396549225 -3.054659813642502 1.0987496934831142
2.7171652764081955 -0.46999999321997166 8.798493444919586
2.7171652764081955 0.46999999321997166 8.798493444919586
-3.9017148315906525 -0.999937392771244 6.594298034906387
-4.2060986161231995 -0.49518970772624016 6.59409761428833
4.224750399589539 0.6150274537503719 6.331877410411835
1.4750538393855095 -3.4477118402719498 3.7837501615285873
1.4750538393855095 3.4477118402719498 3.7837501615285873
4.174830764532089 -0.7327178958803415 6.156453490257263
3.7378400564193726 -0.3017496317625046 -1.0620529385411623e-11
3.7378400564193726 0.3017496317625046 -1.0620385728623769e-11
-4.224782809615135 0.6151242181658745 6.329680234193802
3.9411060512065887 0.9162453003227711 6.76831528544426
-1.9248783588409424 3.2182827591896057 3.7837501615285873
-1.9248783588409424 -3.2182827591896057 3.7837501615285873
-2.0510856062173843 0.46500000171363354 9.546861797571182
-2.0510856062173843 -0.46500000171363354 9.546861797571182
-2.4379022419452667 0.5970239173620939 9.160462021827698
-2.4379022419452667 -0.5970239173620939 9.160462021827698
-2.1616769954562187 0.9140128269791603 9.219654649496078
-2.1616769954562187 -0.9140128269791603 9.219654649496078
4.208626598119736 0.606628367677331 6.509565562009811
2.4491405114531517 0.46500000171363354 9.168601036071777
2.4491405114531517 -0.46500000171363354 9.168601036071777
4.141813889145851 -0.46999999321997166 6.784599274396896
-1.2265048921108246 -3.5437531769275665 1.0987496934831142
-1.2265048921108246 3.5437531769275665 1.0987496934831142
4.125174880027771 0.8331162855029106 6.32924810051918
-2.33114305883646 -2.9196562245488167 3.9157740771770477
-2.33114305883646 2.9196562245488167 3.9157740771770477
4.053240641951561 -0.4700000397861004 6.9501809775829315
-4.102662205696106 -0.46999999321997166 6.865449994802475
4.11212183535099 0.8280591107904911 6.492333114147186
-3.941381722688675 0.9162666276097298 6.767594069242477
4.214010760188103 0.6223676260560751 6.152345985174179
2.405371703207493 0.7058989722281694 9.136901795864105
2.405371703207493 -0.7058989722281694 9.136901795864105
-4.014596343040466 0.8160552009940147 6.805375963449478
-4.0532514452934265 -0.47000013291835785 6.950187683105469
4.131583124399185 0.712155643850565 6.672405451536179
-4.125184565782547 0.8331744000315666 6.327235698699951
-0.5038094241172075 -3.7160027772188187 3.7837501615285873
-0.5038094241172075 3.7160027772188187 3.7837501615285873
