1471
11.6032 -9.9468 8.4875
11.6032 -6.3994 -0.6687000000000001
11.6032 -7.1419999999999995 6.590400000000001
11.6032 -12.67 1.1457
10.0352 -4.5846 2.6308000000000002
5.5808 -5.41 -2.6492
5.5808 -4.7496 -0.752
3.3536 2.7579 6.6732
3.3536 -3.4296 6.9205000000000005
3.3536 -2.7695999999999996 8.6528
3.3536 1.7677999999999998 9.395199999999999
3.3536 1.7677999999999998 9.3124
3.3536 2.5929 9.0651
3.3536 -2.1924 6.6731
-0.3584 2.8398 10.385
6.4064 -0.7073 8.4875
6.4064 -5.9045 -3.6388
7.0656 -4.089799999999999 2.6306
4.8384 -16.9589 -3.1441
4.8384 -12.67 -3.2263
5.9113 -6.976699999999999 -3.3914
5.9113 -6.5642000000000005 -3.7212
5.9113 -5.4096 -1.9893999999999998
5.9113 -4.9974 -1.9893999999999998
3.6841 -9.533800000000001 6.590400000000001
-2.3383000000000003 3.6647 8.57
11.1081 -10.2771 4.2805
11.1081 -11.0195 4.2805
11.1081 -10.029499999999999 2.6308000000000002
11.1081 -12.6686 -2.8143000000000002
11.1081 -16.9589 -2.7314000000000003
11.1081 -5.4923 6.5906
11.1081 -12.339 2.7958
11.1081 -12.339 2.6308000000000002
11.1081 -12.67 -2.8137
11.8505 -7.059200000000001 7.6627
9.6233 -12.6686 -3.8865
9.6233 -12.6686 -3.5567
9.6233 -16.9589 -2.4840999999999998
9.6233 -12.7523 -2.4840999999999998
9.6233 -6.895 -3.3917999999999995
9.6233 -6.895 -3.8042
9.6233 -12.67 -3.8864
9.6233 -12.67 -3.5564
9.6233 -16.875799999999998 -3.8864
-0.8534999999999999 4.2423 8.4879
-4.3182 -0.4598 7.4979000000000005
6.901 -5.4921999999999995 -3.5564
4.6738 -8.957600000000001 -3.0616999999999996
4.6738 -7.0605 -2.7316
4.757 -7.1419999999999995 10.2203
4.757 -8.7919 10.0553
4.757 -8.7919 10.3851
4.757 -8.3792 10.0553
9.8706 -12.0916 4.2805
-2.8334 -0.21220000000000003 10.3849
-2.8334 1.8501 10.0549
6.1586 -1.0373 8.6528
6.1586 -4.5839 6.7555000000000005
6.1586 -16.9589 2.5479000000000003
6.1586 -16.9589 2.6306
6.1586 -12.7523 2.5479000000000003
6.1586 -12.7523 2.6306
6.1586 -4.5846 6.6731
6.1586 -4.1719 7.168099999999999
6.1586 -3.8419000000000003 7.333
6.1586 -4.1711 7.167999999999999
6.1586 -4.1711 6.5906
6.1586 -0.7901 8.0752
6.1586 -1.3676000000000001 7.745299999999999
6.1586 -0.4593 8.6528
6.1586 -1.4500000000000002 7.745
7.148300000000001 -8.9574 10.137699999999999
7.148300000000001 -12.173499999999999 9.3127
7.148300000000001 -8.7919 10.4677
7.148300000000001 -11.018799999999999 10.137699999999999
11.6859 -8.3793 4.2805
11.6859 -8.8749 1.1457
9.4587 -8.7918 10.22
3.4362999999999997 -9.3696 8.982800000000001
3.4362999999999997 0.4475 10.3027
3.4362999999999997 2.5096 9.0653
3.4362999999999997 1.6021 9.8901
3.4362999999999997 2.675 6.672899999999999
3.4362999999999997 2.4272 9.2304
3.4362999999999997 -0.29550000000000004 10.467600000000001
3.4362999999999997 -8.4619 10.1378
3.4362999999999997 2.5922 8.899899999999999
-2.5861 -3.0171 6.672899999999999
-2.5861 -3.5120999999999998 8.0752
-2.5861 -2.8521 8.9003
10.8603 -6.151800000000001 8.982800000000001
6.405900000000001 -4.254899999999999 4.2805
4.1787 -1.1202 8.652600000000001
4.1787 1.273 6.672899999999999
4.1787 -1.2849 6.6731
10.9435 -12.6686 -2.4840999999999998
10.9435 -12.6686 -2.3189
11.9332 -8.7091 8.1576
11.9332 -8.1318 -0.9989
11.9332 -7.1421 -0.0093
11.9332 -9.369299999999999 6.590400000000001
11.9332 -16.9589 -1.1642
11.9332 -7.0596000000000005 6.590400000000001
11.9332 -7.1419999999999995 6.590400000000001
11.9332 -7.554900000000001 7.9108
11.9332 -8.1319 -1.0815
11.9332 -12.67 -1.1642
11.9332 -12.67 1.1457
11.9332 -12.6687 -1.1642
11.9332 -12.6687 1.1457
9.706 -12.6686 -3.8865999999999996
9.706 -8.0503 -3.8865999999999996
1.4564000000000001 3.6649000000000003 8.4879
1.4564000000000001 -7.9667 8.9002
1.4564000000000001 4.0774 8.487599999999999
1.4564000000000001 3.7475 6.6732
1.4564000000000001 3.7475 8.487599999999999
1.4564000000000001 3.7473 9.395199999999999
1.4564000000000001 3.0876 9.395199999999999
1.4564000000000001 4.077299999999999 8.4879
-2.3388 -0.4602 9.9726
10.4484 -5.3271 4.2805
10.4484 -5.4097 4.2805
10.4484 -5.4097 6.590400000000001
8.2212 -12.6686 -4.299
5.994 -16.958599999999997 3.9503000000000004
4.426 -12.6692 -2.7315
4.426 -7.720200000000001 -2.7315
4.426 0.11750000000000001 10.0553
11.1908 -10.2771 4.2805
11.1908 -12.0089 2.6308000000000002
11.1908 -16.9589 2.6306
11.1908 -10.9367 6.507899999999999
11.1908 -10.4421 2.6308000000000002
11.1908 -12.67 2.6306
5.1684 -16.3808 -3.4736000000000002
-0.5235 1.7676 10.6326
-2.7507 -0.4598 10.3852
10.6957 -9.947000000000001 9.5601
0.21889999999999998 3.8297999999999996 9.642900000000001
11.4381 -6.8943 -1.7416999999999998
11.4381 -16.9589 -2.3194
11.4381 -9.947000000000001 8.7355
11.4381 -9.947000000000001 8.5703
11.4381 -5.9045 0.4038
11.4381 -7.141699999999999 8.6528
3.1884999999999994 -7.7194 7.9103
3.1884999999999994 1.1076000000000001 9.7253
-1.2659 4.1598999999999995 6.6732
6.4886 -12.4214 7.9111
2.6934 3.0047 9.395199999999999
-3.9882 1.7670000000000001 6.6731
-3.9882 -0.4598 6.6731
8.799 -12.9167 4.1978
9.4582 -12.6686 -3.5567
9.4582 -16.9589 -2.4840999999999998
9.4582 -12.7523 -2.4840999999999998
9.4582 -4.3373 2.6306
9.4582 -6.977600000000001 -3.3917999999999995
9.4582 -12.339 4.2805
5.7462 -12.0916 8.4875
10.943 -5.4094999999999995 2.6308000000000002
10.943 -5.327 4.2806999999999995
10.943 -7.1419999999999995 8.6528
11.2735 -11.3492 2.6308000000000002
7.5615000000000006 -12.834200000000001 4.363
10.4479 -5.4094999999999995 4.2806999999999995
10.4479 -5.4094999999999995 2.6308000000000002
3.7663 -6.977 -0.1743
3.7663 -6.977 2.6306
3.7663 -9.6993 2.6306
4.5087 -7.6377 -2.8142
4.5087 -12.6692 -2.8142
4.5087 -12.6692 -2.7316
6.2408 -12.3389 6.507899999999999
4.013599999999999 -6.977 1.2282
4.013599999999999 -6.977 2.6306
4.013599999999999 -6.9775 1.2282
4.013599999999999 -10.3594 1.2282
1.7864000000000002 2.9223 10.0551
-0.44079999999999997 4.3249 6.6732
11.520800000000001 -6.977 6.590400000000001
11.520800000000001 -7.1421 4.2805
11.520800000000001 -7.1421 6.590400000000001
11.520800000000001 -12.6686 -1.2468
11.520800000000001 -6.894500000000001 2.6306
11.520800000000001 -9.6168 2.6306
11.520800000000001 -7.1419999999999995 1.146
11.520800000000001 -8.1319 -1.1642
-2.4207 -3.7600000000000002 8.8176
-2.4207 -3.1 6.672899999999999
11.025699999999999 -6.8943 -1.7416999999999998
4.3441 -5.8225 -0.5871000000000001
9.457699999999999 -4.337400000000001 2.6308000000000002
2.7761 -9.2863 8.4877
11.768099999999999 -6.5645999999999995 2.6308000000000002
11.768099999999999 -16.9589 1.6407999999999998
9.540899999999999 -4.3369 6.5906
7.313699999999999 -11.8443 9.3127
7.313699999999999 -12.5867 6.590400000000001
7.313699999999999 -12.504000000000001 8.8176
7.313699999999999 -12.2567 9.3127
7.313699999999999 -12.2567 6.590400000000001
1.2913000000000001 4.1598999999999995 6.6732
-3.1631 2.0976000000000004 8.7353
-3.1631 2.0976000000000004 6.9206
-3.1631 -1.2026999999999999 10.0551
10.283299999999999 -11.844100000000001 4.2805
8.056099999999999 -2.4400999999999997 8.6528
11.273 -5.987 -1.1639
9.0458 -16.9589 -4.1338
4.5914 -5.2444 6.590400000000001
4.5914 -11.1021 4.2805
4.5914 -5.409400000000001 4.2805
4.5914 -11.1845 6.590400000000001
4.5914 -5.9045 6.590400000000001
-1.431 -0.4598 10.22
-3.6582000000000003 -0.4598 8.8176
-3.6582000000000003 -0.4598 8.9003
9.7882 -5.9046 -2.5668
9.7882 -4.9967999999999995 8.6528
9.7882 -5.0796 -0.2566
9.7882 -5.0793 -0.5042
5.3338 -4.5022 6.507899999999999
10.5306 -6.895 -2.4840999999999998
10.5306 -11.5964 8.157499999999999
2.281 -3.7598 6.673
7.8083 -4.832 -1.9892
7.8083 -4.4198 2.6306
7.8083 -5.8219 -3.8863000000000003
7.8083 -4.089799999999999 0.40299999999999997
7.8083 -4.089799999999999 2.6306
7.8083 -6.976699999999999 -3.8863000000000003
7.8083 -6.976699999999999 -4.216600000000001
7.8083 -5.1624 -3.3087999999999997
7.8083 -4.9148 -1.9893999999999998
7.8083 -4.5020999999999995 -1.9892
7.8083 -4.5023 -2.072
7.8083 -4.5023 -1.9893999999999998
5.5811 -4.5846 2.6306
-0.4413 -5.7395000000000005 8.9003
-0.4413 -4.0074 8.6524
-0.4413 -4.0071 6.672899999999999
-0.4413 -5.244 8.9003
-0.4413 -4.2545 6.672899999999999
10.1187 -16.9589 -3.639
8.550699999999999 -12.751499999999998 4.363
4.0963 -5.9879 2.6308000000000002
1.8691 3.9121 8.5703
9.2931 -12.4218 4.363
9.2931 -12.3393 6.590400000000001
7.0659 -12.4214 8.9823
4.8387 -6.977 -2.9787
4.8387 -6.069100000000001 -2.4843
4.8387 -12.6692 -3.2268
4.8387 -12.6692 -2.6489
3.2707 2.1801 6.6732
3.2707 1.7677999999999998 9.3124
8.1388 -4.419300000000001 6.5906
6.5708 -12.0089 6.590400000000001
4.3436 -12.668899999999999 2.6306
-0.11080000000000001 -5.574599999999999 8.9002
11.1084 -9.9468 9.2304
11.1084 -9.9468 8.405100000000001
11.1084 -12.9169 2.6307
11.1084 -12.9169 2.7134
11.1084 -16.958599999999997 2.6307
11.1084 -16.958599999999997 2.7134
11.1084 -7.1419999999999995 8.4875
11.1084 -7.1419999999999995 8.5703
11.1084 -7.1419999999999995 9.1479
11.1084 -8.9565 9.3127
11.1084 -7.9670000000000005 9.313
6.654 -4.4199 -1.3289
6.654 -4.1723 1.7226000000000001
7.3132 -12.256499999999999 6.590400000000001
7.3132 -11.8443 9.3127
7.3132 -12.504000000000001 8.735
7.3132 -12.504000000000001 6.590400000000001
7.3132 -12.1739 6.7556
7.3132 -4.9974 -3.0618
-3.1635999999999997 -2.8521 8.9003
11.8508 -6.977 4.2805
11.8508 -6.977 6.590400000000001
11.8508 -6.894500000000001 1.146
11.8508 -6.894500000000001 2.6306
11.8508 -9.6168 2.6306
11.8508 -6.8117 4.2805
7.3964 -16.958599999999997 4.2805
5.8284 -16.9589 -3.7213999999999996
5.8284 -16.9589 -2.3195
5.8284 -12.7523 -2.3195
5.8284 -12.67 -3.8041
3.6012000000000004 -12.834599999999998 1.146
-0.8532 -0.3771 10.7151
9.045300000000001 -3.5113 8.8178
11.3557 -5.822 2.6306
11.3557 -10.6893 4.2805
9.1285 -12.3392 6.5906
9.1285 -8.7093 9.8903
9.1285 -11.9264 8.3226
9.1285 -7.1419999999999995 10.2203
9.1285 -12.0088 6.5906
9.1285 -12.256300000000001 8.5703
5.3332999999999995 -4.832199999999999 -0.1743
5.3332999999999995 -12.6692 3.6203
0.8789 3.1697999999999995 9.3954
0.8789 3.7472 9.3954
0.8789 1.1081 10.3025
0.8789 3.2522 10.0551
0.8789 2.0979 10.549999999999999
-1.3483 3.0873999999999997 9.3954
-1.3483 3.3345 9.8903
-1.3483 1.1076000000000001 10.3025
-1.3483 1.1076000000000001 10.6326
9.8709 -4.9971000000000005 8.4875
9.8709 -6.8943 -3.1439000000000004
9.8709 -6.8943 -3.2268
9.8709 -6.8943 -3.5564
9.8709 -5.4097 -1.7416999999999998
9.8709 -6.317200000000001 -3.4739
9.8709 -5.1623 8.6528
9.8709 -5.1623 8.57
9.8709 -5.822 -3.0612
9.8709 -5.822 -3.1443
7.643700000000001 -10.029499999999999 4.197900000000001
7.643700000000001 -10.1946 4.0329999999999995
7.643700000000001 -12.339 4.2805
7.643700000000001 -12.339 4.0329999999999995
7.643700000000001 -12.6692 4.2805
7.643700000000001 -12.6692 3.9503000000000004
5.4165 -8.9574 10.4677
-2.8331 3.1697999999999995 8.9004
-2.8331 2.5101999999999998 9.725
7.148599999999999 -12.173499999999999 9.3127
7.148599999999999 -11.6786 9.3127
7.148599999999999 -10.1121 10.3852
7.148599999999999 -8.7919 10.4677
7.148599999999999 -8.7919 10.22
7.148599999999999 -11.018799999999999 10.137699999999999
4.9214 -11.514299999999999 4.2805
4.9214 -11.514299999999999 6.590400000000001
4.9214 -4.6659 6.5906
10.1182 -11.4318 4.2805
7.890999999999999 -4.0069 6.5906
7.890999999999999 -4.3366 6.9206
7.890999999999999 -2.4404 8.24
7.890999999999999 -2.7695999999999996 8.6528
7.890999999999999 -2.275 8.6528
7.890999999999999 -2.3574 8.6528
7.890999999999999 -4.1719 7.2507
7.890999999999999 -4.0066999999999995 6.5906
7.890999999999999 -4.089099999999999 7.4158
7.890999999999999 -4.3369 6.5906
5.6638 -5.4919 -1.9892
5.6638 -4.5846 2.6306
5.6638 -4.9145 2.6306
5.6638 -4.6672 -0.5046
1.8686 -8.3779 9.1479
4.179 -12.67 -2.4840999999999998
9.2926 -16.2985 4.0328
2.611 3.4995 8.4875
-4.0706 -1.5324 8.4875
-4.0706 -1.6152 6.672899999999999
-4.0706 -1.1198 8.9003
9.706299999999999 -11.9264 9.0655
5.911099999999999 -4.4197 2.6308000000000002
3.6838999999999995 -12.668899999999999 1.2282
3.6838999999999995 -12.668899999999999 1.4758
3.6838999999999995 -16.9589 -1.1642
3.6838999999999995 -9.4519 2.6308000000000002
3.6838999999999995 -8.4619 7.8278
3.6838999999999995 -12.67 -1.4947
3.6838999999999995 -12.67 -1.1642
8.7975 -16.958599999999997 4.1978
11.107899999999999 -12.3392 2.6308000000000002
11.107899999999999 -12.9167 2.6308000000000002
8.8807 -12.0084 -4.2164
8.8807 -12.67 -4.2162999999999995
4.4262999999999995 -10.0293 2.6306
4.4262999999999995 -16.9589 2.6306
4.4262999999999995 -12.6692 2.7958
4.4262999999999995 -12.6692 2.6306
2.1991 3.4995 9.229999999999999
11.1911 -11.3492 2.6308000000000002
11.1911 -10.1115 4.2806999999999995
11.1911 -10.1115 2.8784
7.395899999999999 -5.9868 -3.9687
5.168699999999999 -7.8026 -3.474
5.168699999999999 -6.9775 -3.3089
5.168699999999999 -6.9775 -2.7316
1.704 3.5821 9.3954
10.696 -11.4317 4.2805
10.696 -11.4317 6.590400000000001
8.4688 -4.089700000000001 2.6306
-1.3488 1.7673 10.549999999999999
-1.3488 -0.4598 10.6327
-1.3488 1.8501 10.4674
-1.3488 1.8501 10.137500000000001
11.4384 -7.8842 -1.1642
9.2112 -9.7815 10.22
9.2112 -11.5965 9.6425
9.2112 -9.9468 9.725100000000001
9.8704 -4.5023 6.590400000000001
0.9616 -7.2244 8.240400000000001
9.9536 -5.6573 -2.9789
9.9536 -4.9973 -1.8245
9.9536 -4.9973 -1.7416999999999998
6.1584 -4.1723 6.590400000000001
3.9312 -6.316800000000001 0.4858
3.9312 -9.6993 1.2282
3.9312 -6.9775 -1.1642
3.9312 -8.2149 -1.989
3.9312 -12.6692 -1.1643999999999999
7.1481 -4.1721 -0.3391
11.6857 -8.2972 2.6308000000000002
11.6857 -8.2147 4.2806999999999995
11.6857 -8.2144 2.6308000000000002
11.6857 -8.2144 4.2805
11.6857 -6.8946 -1.0815
7.2313 -8.875 10.137699999999999
5.6633000000000004 -5.079899999999999 -0.1743
10.2009 -11.4317 6.590400000000001
10.2009 -11.349 4.2805
7.9737 -16.9589 -4.2987
7.9737 -2.3574 8.6528
7.9737 -2.5225 8.2398
7.9737 -4.089700000000001 0.40340000000000004
7.9737 -9.8648 10.3852
7.9737 -3.0172999999999996 8.6528
5.7465 -4.832 -1.5762999999999998
5.7465 -4.5023 1.0632000000000001
1.9512999999999998 1.1076000000000001 10.5501
-1.8439 -4.2541 9.2303
8.7161 -7.6377 -4.2164
8.7161 -4.089099999999999 6.5906
8.1378 -8.7919 10.467600000000001
5.3346 -0.5425 9.8903
10.4482 -11.6793 6.507899999999999
1.5393999999999999 4.0771 6.6732
8.8802 -7.1419999999999995 9.8903
6.7362 -6.976699999999999 -4.1337
2.941 -8.626000000000001 9.8901
7.809099999999999 -4.254899999999999 -0.5042
7.809099999999999 -4.5023 -0.5042
8.4683 -4.4195 4.2805
8.4683 -4.4195 6.590400000000001
8.4683 -4.089700000000001 4.2805
8.4683 -4.089700000000001 6.590400000000001
4.0139000000000005 -0.0471 8.652600000000001
4.0139000000000005 -0.0476 6.6731
4.0139000000000005 -0.0473 8.652600000000001
4.0139000000000005 -3.1003 7.332800000000001
4.0139000000000005 -10.3591 6.590400000000001
4.0139000000000005 1.5195999999999998 9.6427
4.0139000000000005 -12.6692 -1.2469
-2.6677 -1.9449999999999998 10.0553
-2.6677 -1.9449999999999998 10.1378
2.4459 -4.5846 7.002999999999999
-4.2357 0.943 8.487599999999999
-4.2357 1.0257 7.0031
-4.2357 -0.4598 8.7353
10.778699999999999 -5.1623 7.6627
10.778699999999999 -5.4098 8.4875
8.551499999999999 -4.254899999999999 -0.752
4.7563 -12.67 2.6306
3.1883000000000004 3.005 8.2399
3.1883000000000004 3.005 6.6732
-1.1828999999999998 -5.0809 8.9003
4.2612 -10.1944 2.6306
4.2612 -6.9775 -0.8340000000000001
4.2612 -11.1846 2.6306
4.2612 -7.224899999999999 -1.1642
4.2612 -10.6898 4.2803
0.466 4.3249 6.6732
11.026 -5.4094999999999995 2.6308000000000002
11.026 -5.4094999999999995 4.2805
6.5716 -1.5327 8.6528
9.458 -6.069 9.9728
7.2307999999999995 -11.7617 9.3127
5.0036 -14.732000000000001 1.146
5.0036 -16.9589 1.146
-3.2460000000000004 -2.9346 8.3227
11.7684 -8.1319 1.1457
5.086799999999999 -16.958599999999997 3.3734
5.086799999999999 -0.873 10.1378
3.5187999999999997 -3.3472 10.3027
3.5187999999999997 -7.802099999999999 1.2282
3.5187999999999997 -7.9670000000000005 -0.1741
3.5187999999999997 -2.6043 6.6731
1.9508 -3.4298 8.652700000000001
10.2836 -4.7499 0.8980999999999999
10.2836 -5.1625 -1.7416999999999998
11.2733 -8.4623 -2.5666
11.2733 -8.4623 -2.4840999999999998
11.2733 -7.142600000000001 -1.1642
11.2733 -12.6686 -2.4840999999999998
11.2733 -9.947000000000001 6.5906
6.8189 -6.4808 10.6327
7.4781 -4.3373 -1.4935
3.0237 -0.4598 10.5501
12.0157 -8.3795 6.590400000000001
5.3341 -12.6692 3.6203
-2.2563 2.4278999999999997 10.137500000000001
10.5309 -5.4921999999999995 2.6308000000000002
10.5309 -4.9144 6.6731
10.5309 -5.4094999999999995 4.2805
8.3037 -5.326899999999999 -3.4736000000000002
6.7357 -10.3597 10.3026
4.5085 -5.3273 6.590400000000001
0.0541 -4.5846 7.9103
0.0541 -4.668 7.993
10.0358 -11.4318 6.590400000000001
-0.441 -5.2454 7.910399999999999
-0.441 -4.5844000000000005 8.0752
-0.441 -5.3273 8.9002
-0.441 -4.2543999999999995 6.673
-0.441 -4.0071 6.673
-0.441 -4.0071 8.652700000000001
-0.441 -4.5846 7.910399999999999
-0.441 -4.5846 7.580299999999999
-0.441 -5.9053 8.652700000000001
-0.441 -5.9053 8.7352
-0.441 -5.8228 8.9002
-0.441 -5.0804 7.9103
-0.441 -5.0804 7.8277
10.7782 -5.9868999999999994 -2.3194
6.3238 -4.7499 -2.072
4.0966000000000005 -6.977 -0.1743
4.0966000000000005 -6.3994 -1.1642
-4.153 0.6131 8.982999999999999
11.5206 -10.0297 8.5703
7.0662 -4.089700000000001 4.2805
4.839 -11.4314 4.2803
4.839 -10.1944 2.6306
4.839 -12.6692 2.6306
3.2710000000000004 -9.6167 9.4777
3.2710000000000004 -1.8622 8.4875
3.2710000000000004 -1.8622 7.4155
3.2710000000000004 -9.7818 8.9003
11.025500000000001 -11.0195 8.4875
11.025500000000001 -9.947000000000001 8.5703
11.025500000000001 -7.141699999999999 8.6528
11.025500000000001 -10.9371 8.5703
4.3439 -6.9775 -1.2469
4.3439 -6.9775 -2.3189
4.3439 -8.2149 -2.6489
-1.6785 -3.9239 8.9003
-1.6785 -3.0993 10.0551
-1.6785 -1.7801 10.0551
-1.6785 -4.338299999999999 9.3954
-1.6785 -3.1832 10.0551
-1.6785 -4.502599999999999 8.9003
-1.6785 -3.4297 9.9726
-1.6785 -1.8622 10.0551
9.540700000000001 -4.5022 -0.5042
9.6239 -4.914700000000001 8.6528
10.283100000000001 -4.9967999999999995 8.6528
1.3743 2.5100000000000002 10.385
8.715100000000001 -3.4288 9.3126
4.5912 -3.3472 10.6326
4.5912 -5.9873 6.590400000000001
4.5912 -10.4411 4.2806999999999995
4.5912 -10.4411 6.590400000000001
4.5912 -8.7924 10.3852
4.5912 -11.0193 4.2806999999999995
4.5912 -11.0193 6.590400000000001
-2.0904 -1.9449999999999998 10.3852
-2.0904 -1.1202999999999999 10.5501
0.796 3.8297999999999996 9.3954
0.796 4.2423 8.5704
0.796 4.2423 8.4879
11.356 -9.9468 6.590400000000001
11.356 -9.9467 6.590400000000001
9.788 -4.9973 9.395199999999999
9.788 -4.9973 -2.1542
9.788 -5.822 -2.4019
5.333600000000001 -4.8324 -0.1743
-1.348 1.1076000000000001 10.6325
-1.348 1.1076000000000001 10.3026
-1.348 -0.4598 10.6325
-1.348 -0.4598 10.3026
1.5384 -0.4598 10.7151
9.8712 -9.9468 9.9725
3.8488 -8.214599999999999 2.6308000000000002
10.6136 -4.9971000000000005 6.5906
10.6136 -16.9589 -1.1642
10.6136 -16.9589 1.146
10.6136 -12.7523 1.146
11.603299999999999 -6.2344 4.2805
3.3537 -1.6151 10.6326
3.3537 -6.646000000000001 10.0553
3.3537 -8.2969 10.0553
3.3537 -3.7608 10.7151
3.3537 -0.4598 10.467600000000001
3.3537 -0.4598 10.1378
1.1265 1.1081 10.6326
1.1265 -4.6674 7.167999999999999
-2.6687 -3.4294 6.672899999999999
-2.6687 -3.4294 8.9003
10.1185 -11.8439 8.5703
8.5505 -4.337 9.8079
10.860899999999999 -5.6569 -1.6587
6.406499999999999 -4.3373 -0.2568
7.0657 -11.5962 9.3127
4.8385 -5.1621 2.6308000000000002
10.3658 -4.832 8.4049
5.9114 -6.9775 -3.3092
5.9114 -7.4728 -3.8865
5.9114 -12.6692 3.4555000000000002
5.9114 -12.6692 -3.4742
8.7978 -4.5015 9.8077
4.3434 -10.8536 6.590400000000001
6.6538 -4.7499 -2.4019
4.4266 -6.6467 -2.319
-3.823 -1.0376 9.4777
11.8506 -6.7292000000000005 0.8980999999999999
11.8506 -6.8943 2.6306
11.8506 -8.1328 -1.3295
11.8506 -12.6686 -1.4118
11.8506 -16.9589 -1.3294000000000001
11.8506 -16.9589 -1.1642
11.8506 -16.9589 1.1457
11.8506 -12.67 -1.1642
11.8506 -12.67 -1.4120000000000001
9.6234 -12.6686 -3.4741
9.6234 -12.6686 -3.8865999999999996
9.6234 -16.9589 -2.402
9.6234 -16.9589 -3.804
9.6234 -12.7523 -2.402
9.6234 -6.895 -3.309
9.6234 -6.977600000000001 -3.8039000000000005
9.6234 -12.67 -3.4737999999999998
9.6234 -12.67 -3.8865999999999996
9.1283 -11.2665 9.3127
9.1283 -11.926200000000001 9.395299999999999
9.1283 -9.8648 10.22
9.1283 -10.9364 9.9725
4.673900000000001 -5.3271 -0.1743
0.8786999999999999 3.1697999999999995 9.3954
0.8786999999999999 1.1076000000000001 10.3025
0.8786999999999999 1.1076000000000001 10.6326
0.8786999999999999 3.2522 10.0551
0.8786999999999999 2.0979 10.549999999999999
-1.3485 4.0771 6.6731
-1.3485 3.1701 9.395199999999999
-1.3485 3.1701 9.2301
-1.3485 3.9947000000000004 8.7353
-1.3485 3.5821 8.7353
-1.3485 3.7475 6.6732
-1.3485 3.7475 8.487599999999999
-1.3485 -4.4204 9.6426
-1.3485 3.7473 9.395199999999999
-1.3485 3.7473 6.6731
-1.3485 3.7473 8.4879
-1.3485 4.077299999999999 8.652899999999999
9.211500000000001 -12.9167 2.6308000000000002
9.870700000000001 -4.9967999999999995 6.5906
9.870700000000001 -4.9969 2.6306
7.6435 -4.0896 4.2806999999999995
7.6435 -4.0896 2.6308000000000002
7.6435 -4.0896 4.2805
7.6435 -12.3392 4.2805
7.6435 -12.3392 3.9503000000000004
7.6435 -12.7516 3.0434
7.6435 -12.9167 3.0434
7.6435 -12.9167 4.2805
7.6435 -4.4197 2.6308000000000002
7.6435 -4.4197 4.2805
7.6435 -4.4196 4.2806999999999995
7.6435 -4.4196 2.6308000000000002
8.3027 -4.005800000000001 9.8903
10.613100000000001 -10.8545 9.313
3.9315 -12.67 -1.1642
9.3756 -7.142600000000001 -3.9690000000000003
4.9212 -16.9589 -1.1642
4.9212 -16.9589 1.1457
4.9212 -12.7523 -1.1642
4.9212 -12.7523 1.1457
4.9212 -5.5752999999999995 4.2806999999999995
4.9212 -5.5752999999999995 2.6308000000000002
4.9212 -5.1621 4.2806999999999995
4.9212 -5.1621 2.6308000000000002
4.9212 -5.0794 2.6308000000000002
4.9212 -5.0794 4.2805
4.9212 -5.4918000000000005 2.6308000000000002
4.9212 -12.6692 -2.7316
5.0043999999999995 -7.1419999999999995 10.6327
10.118 -12.9167 3.6203
5.6636 -4.6673 0.1558
5.6636 -5.079899999999999 -0.1743
5.6636 -4.9972 2.6306
5.6636 -12.3382 -3.804
5.6636 -7.720200000000001 -3.804
3.4364 -8.2966 7.9928
3.4364 -6.5645 7.497800000000001
4.1788 -9.6996 2.6306
1.9515999999999998 1.1905000000000001 10.549999999999999
11.9333 -9.6171 1.146
11.9333 -12.091000000000001 -1.1642
11.9333 -9.2875 -1.2468
11.9333 -12.67 1.146
11.9333 -12.834599999999998 1.3109000000000002
11.9333 -12.6692 1.146
11.9333 -12.6692 1.3109000000000002
10.3653 -13.412299999999998 3.4556000000000004
10.3653 -16.6285 3.4556000000000004
3.6837 -6.8943 0.8984000000000001
3.6837 -7.8851 -1.2469
3.6837 -12.6692 -1.4944000000000002
3.6837 -12.6692 -1.1643999999999999
1.4565 3.7470999999999997 6.6732
1.4565 3.087 9.3124
1.4565 3.9947999999999997 8.7353
1.4565 3.6645999999999996 9.395199999999999
-2.3387000000000002 3.4172000000000002 9.2304
8.2213 -10.029499999999999 4.2805
6.6533 -11.8438 9.6427
8.9637 -4.7496 9.8077
4.5093000000000005 -16.958599999999997 2.6309
9.6229 -12.0918 6.590400000000001
-1.5131000000000001 -0.4598 10.6326
-2.7506 3.4172000000000002 6.6731
-2.7506 1.8501 10.055
10.6958 -10.2771 2.6308000000000002
10.6958 -5.5748 -1.7416999999999998
10.6958 -8.5449 -3.2264
10.6958 -12.339 2.6308000000000002
6.2414 -7.6377 -4.0515
6.2414 -12.6692 -4.0515
11.4382 -9.6171 2.6306
11.4382 -6.894400000000001 4.2805
4.7566 -1.4496 7.2505
4.7566 -5.5735 6.5906
4.7566 -0.21259999999999998 7.5806
4.7566 -5.4908 6.8381
4.7566 -4.831300000000001 7.0856
4.7566 1.0245 8.6528
-3.4930000000000003 -2.3575 8.9829
9.9534 -4.7498 -0.5042
9.9534 -4.5846 0.8984000000000001
9.9534 -4.5846 2.6306
9.9534 -5.4921 -1.7416999999999998
9.9534 -4.9972 -1.6587
9.9534 -4.9972 2.6306
9.9534 -5.0796 -0.5042
10.6126 -4.997 2.6308000000000002
7.8903 -4.584 9.725200000000001
-3.2457 -1.9452 9.725100000000001
-3.2457 2.7578 8.7353
-3.2457 2.0976000000000004 6.9206
-3.2457 2.9227 6.6731
-3.2457 2.3452 6.6731
10.2007 -7.7196 9.89
5.7463 -10.1944 3.4555000000000002
5.7463 -11.679200000000002 4.2805
5.7463 -12.6692 3.4555000000000002
5.7463 -12.0914 4.2805
1.9511 -3.4298 6.673
9.7056 -12.0918 4.2805
8.2208 -12.5866 6.590400000000001
3.7664000000000004 -9.782200000000001 2.5481
10.5312 -16.9589 1.2284
10.5312 -12.7523 -1.1642
6.736000000000001 -10.0293 4.197900000000001
2.2816 3.7470999999999997 6.6732
-2.7511 -2.0274 10.0551
10.036100000000001 -8.1328 -3.7216
10.036100000000001 -4.5846 2.6306
10.036100000000001 -4.7499 -0.7509
7.8089 -4.5022 -0.5042
7.8089 -12.6686 -4.299
7.8089 -12.6686 -3.9690000000000003
7.8089 -16.9589 -4.2987
7.8089 -16.9589 -3.0618
7.8089 -12.7523 -3.0618
7.8089 -6.895 -3.8865
7.8089 -4.4197 2.6306
7.8089 -4.089700000000001 2.6306
7.8089 -7.3076 -4.299
7.8089 -12.67 -4.2987
7.8089 -12.67 -3.9688
7.8089 -4.1723 -0.3392
4.0137 -10.6061 2.7133000000000003
-4.2359 -0.2947 8.7353
10.778500000000001 -10.2771 2.5479000000000003
10.778500000000001 -12.6692 2.6306
4.7561 -12.668899999999999 2.6306
4.7561 -10.1946 2.5481
11.520900000000001 -8.1318 -1.1642
11.520900000000001 -7.1421 1.1457
11.520900000000001 -8.9565 8.9823
11.520900000000001 -6.8946 1.1457
1.0441 1.1081 10.2201
4.261 -0.0473 8.652600000000001
4.261 -6.5645 6.590400000000001
4.261 -10.7715 8.982800000000001
-0.1934 3.9947999999999997 9.395199999999999
11.0258 -6.8943 -1.7416999999999998
11.0258 -6.8943 -1.5765000000000002
8.798599999999999 -5.822 -3.7213999999999996
6.5714 -16.9589 -4.1338
5.0034 -16.9589 -1.1642
5.0034 -12.7523 -1.1642
11.7682 -8.1318 1.1457
11.7682 -9.6171 2.6306
11.7682 -8.0496 8.569799999999999
11.7682 -9.9472 2.6306
11.7682 -9.9464 2.6308000000000002
11.7682 -9.864199999999999 7.663200000000001
5.0866 -11.2665 9.3127
5.7458 -6.977 -3.7213999999999996
5.7458 -12.0915 6.590400000000001
5.829 -10.0293 3.868
5.829 -6.9775 -3.7217000000000002
5.829 -5.4919 -1.9064
5.829 -16.9589 -3.8038000000000003
5.829 -16.9589 -2.4015999999999997
5.829 -12.7523 -2.4015999999999997
5.829 -7.142999999999999 -3.3092
5.829 -4.9145 2.6306
5.829 -12.67 -3.8864
5.829 -12.6692 -3.8865
7.4779 -7.1419999999999995 10.5501
-2.9156999999999997 3.2523000000000004 8.487599999999999
3.8491 -6.977 -0.9169999999999999
3.8491 -7.9671 4.2806999999999995
3.8491 -7.9671 6.590400000000001
3.8491 -6.6469000000000005 -0.1743
-0.6053000000000001 -0.7904 10.7151
9.3764 -12.3392 4.2805
7.8084 -2.7695999999999996 8.6528
7.8084 -3.6765 7.8275999999999994
8.5508 -10.5239 10.22
4.0964 -16.9589 2.3004000000000002
4.0964 -10.1121 1.3107
11.5204 -6.8943 2.6306
4.8388 -10.7722 6.590400000000001
4.8388 -10.5243 9.3127
4.8388 -11.4315 8.4875
9.9524 -6.976699999999999 9.8903
9.9524 -7.1419999999999995 9.8079
3.2708 -8.2969 10.1378
3.2708 -6.152 10.5501
3.2708 -6.8117 10.467600000000001
10.3661 -4.9971000000000005 8.6528
8.7981 -12.9169 4.1978
4.3437 -0.0471 6.672899999999999
4.3437 -0.9541 9.8901
4.3437 -0.0476 6.6731
4.3437 -8.4619 10.3851
4.3437 -12.67 2.6306
4.4269 -16.1335 2.7134
10.2829 -4.7496 6.342299999999999
3.6013 -3.3472 10.3026
3.6013 -9.6993 1.2282
3.6013 2.5096 8.405100000000001
3.6013 -7.224500000000001 1.2282
3.6013 -0.047 9.8901
3.6013 -9.1222 6.590400000000001
3.6013 -8.4619 9.7253
3.6013 -12.6687 -1.1642
3.6013 -12.6687 1.2282
9.0454 -7.1419999999999995 9.8079
9.0454 -8.7919 10.3026
6.818200000000001 -9.5347 10.4677
6.818200000000001 -16.958599999999997 4.1978
6.818200000000001 -12.6692 4.2805
-1.4314 1.8501 10.055
-1.4314 3.0871 10.055
11.3558 -6.8943 -1.9895
11.3558 -6.564300000000001 -1.8245
11.3558 -6.8942000000000005 8.6528
9.1286 -7.3072 10.22
9.1286 -9.9468 9.8074
9.1286 -7.1419999999999995 9.8074
7.560600000000001 -5.5739 10.467600000000001
9.871 -12.0914 4.2805
5.4166 0.447 9.0653
5.4166 -4.6672 4.2805
6.0758 -0.9547999999999999 8.6528
3.8486 -8.4615 7.497800000000001
3.8486 -8.4615 6.590400000000001
3.8486 -6.5645 6.590400000000001
10.6134 -16.9589 -1.1642
10.6134 -16.9589 1.1457
10.6134 -12.7523 -1.1642
10.6134 -12.7523 1.1457
10.6134 -7.060099999999999 -2.4840999999999998
10.6134 -7.060099999999999 -2.4015999999999997
10.6134 -11.4318 4.2805
10.6134 -11.4318 6.590400000000001
8.3862 -6.895 -4.2164
11.6031 -6.2345999999999995 4.2805
11.6031 -7.6377 -1.9066
11.6031 -6.976699999999999 8.405100000000001
11.6031 -12.6686 -1.1642
11.6031 -12.67 2.053
9.3759 -16.9589 2.5479000000000003
9.3759 -16.9589 2.6306
9.3759 -12.7523 2.5479000000000003
9.3759 -12.7523 2.6306
4.9215 -10.9364 9.6427
-3.3280999999999996 -0.4602 10.0551
10.8607 -7.142600000000001 -2.8967
10.8607 -12.6686 -2.4840999999999998
10.8607 -5.2443 6.590400000000001
10.8607 -5.326899999999999 6.590400000000001
10.8607 -9.3691 9.56
6.4063 -12.6692 4.197900000000001
10.3656 -5.326899999999999 6.590400000000001
8.138399999999999 -11.7614 9.8079
8.138399999999999 -8.9574 10.4677
6.6536 -4.1722 4.2805
6.6536 -12.4218 6.590400000000001
6.6536 -12.0918 6.590400000000001
6.6536 -12.0918 4.363
6.6536 -12.0915 4.2805
6.6536 -12.0915 6.590400000000001
6.6536 -12.5866 4.2805
6.6536 -12.5866 4.363
6.6536 -4.5847999999999995 4.2805
6.6536 -4.5847999999999995 6.4253
6.6536 -12.4214 6.590400000000001
6.6536 -4.1723 6.590400000000001
-3.8232000000000004 -2.1094 7.745399999999999
-3.8232000000000004 0.3657 9.6426
-3.8232000000000004 -0.4598 8.7353
-3.8232000000000004 -0.4598 9.5603
-3.8232000000000004 1.8501 8.7353
-3.8232000000000004 2.0974 8.487599999999999
11.8504 -16.9589 1.146
8.0552 -4.749 9.8077
-4.3183 0.36519999999999997 7.910100000000001
-4.3183 -0.4598 6.6731
9.1281 -12.0092 9.3127
9.1281 -12.0092 6.590400000000001
9.1281 -11.4317 9.3127
4.6737 -11.2667 8.0748
4.6737 -11.2667 6.590400000000001
4.6737 0.5303 9.0653
4.6737 -10.6889 9.642900000000001
4.6737 -1.6140999999999999 9.9728
-1.3487 3.7474 9.3954
-1.3487 3.995 8.818
-1.3487 3.995 8.7354
-1.3487 3.4997 8.7354
-1.3487 1.8501 10.467500000000001
9.8705 -4.6673 -0.5042
7.6433 -10.0293 4.197900000000001
7.6433 -12.6692 3.9505
7.6433 -12.6692 4.2805
1.6209000000000002 -4.0071 8.652700000000001
9.9537 -12.67 -3.804
3.9313000000000002 0.1181 6.672899999999999
3.9313000000000002 -6.5645 7.2503
3.9313000000000002 -12.67 -1.1642
3.9313000000000002 -12.67 1.1457
3.9313000000000002 -9.6996 1.2282
3.9313000000000002 -3.0994 7.3327
6.489000000000001 -4.6672 -1.9892
-0.1926 -2.2756 10.6326
4.920999999999999 -5.4921999999999995 -1.7416
4.920999999999999 -12.7523 1.146
-3.3286000000000002 -2.8521 6.672899999999999
11.6858 -12.6686 -1.9066
11.6858 -9.9468 4.2805
11.6858 -9.9468 6.590400000000001
11.6858 -10.1119 6.0952
11.6858 -9.947000000000001 6.5906
11.6858 -9.947000000000001 7.8277
11.6858 -7.1419999999999995 8.322799999999999
11.6858 -8.3795 6.590400000000001
11.6858 -9.9467 6.590400000000001
11.6858 -9.2875 -1.9066
11.6858 -6.977600000000001 -1.1642
9.4586 -12.256300000000001 8.3226
7.231400000000001 -12.5866 6.590400000000001
5.663399999999999 -16.9589 -3.7213999999999996
3.4361999999999995 -9.8646 -0.0092
4.178599999999999 -6.5645 6.9205000000000005
4.178599999999999 -10.9367 2.6308000000000002
4.178599999999999 -6.8122 6.590400000000001
-0.2758 4.3249 8.487599999999999
-0.2758 -4.336799999999999 6.673
10.9434 -5.3271 6.590400000000001
11.933100000000001 -7.0593 3.3733
11.933100000000001 -7.141699999999999 6.5906
9.7059 -10.029499999999999 3.7854
9.7059 -10.029499999999999 3.8681
9.7059 -10.1946 3.4556000000000004
9.7059 -5.6575 9.725200000000001
9.7059 -11.7615 4.2805
9.7059 -12.1739 4.2805
9.7059 -12.339 3.5380000000000003
9.7059 -12.339 3.4556000000000004
9.7059 -12.339 3.9503000000000004
9.7059 -11.679 4.2805
8.1379 -4.9140999999999995 10.2202
5.9939 -5.3273 -2.897
5.9939 -16.9589 -2.4015999999999997
5.9939 -12.7523 -2.4015999999999997
8.9635 -12.0091 4.6106
8.9635 -12.0091 6.590400000000001
6.736300000000001 -6.9775 -4.1339
6.736300000000001 -8.05 -4.2164
6.736300000000001 -12.67 -4.2162
6.736300000000001 -12.6692 -4.2164
6.2412 -4.0892 6.5906
6.2412 -0.8723 8.0751
6.2412 -0.5423 8.6528
-4.2356 -0.4598 6.672899999999999
-4.2356 -0.4598 8.6524
1.6204 -0.4598 10.7151
4.8396 -12.834200000000001 3.2084
4.8396 -2.6884 10.5501
4.8396 -1.6154000000000002 10.3851
4.261299999999999 -6.9775 -1.1643999999999999
7.9733 -12.9169 4.2805
5.7461 -12.0087 4.2803
5.7461 -10.1944 3.7855
5.7461 -10.2769 3.373
5.7461 -12.6692 3.4555000000000002
5.7461 -11.5963 4.2803
3.5189 -8.4615 6.590400000000001
3.5189 -12.6687 -0.8340000000000001
3.5189 -12.6687 0.8155000000000001
3.5189 -8.545300000000001 -0.5867
3.5189 -9.205 -0.8340000000000001
1.2917 3.0047 10.137599999999999
11.2734 -6.8946 -1.1642
12.0158 -8.875 2.6308000000000002
12.0158 -8.215 -0.6688000000000001
12.0158 -8.1318 1.1457
12.0158 -8.873899999999999 2.6306
12.0158 -8.2147 4.2806999999999995
12.0158 -8.2147 2.6308000000000002
12.0158 -8.3793 4.2805
12.0158 -8.3793 6.590400000000001
12.0158 -7.389600000000001 1.3933
12.0158 -7.389600000000001 2.6306
12.0158 -9.6168 1.146
12.0158 -7.471500000000001 2.6308000000000002
12.0158 -8.2144 2.6308000000000002
12.0158 -8.2144 4.2805
12.0158 -7.4719999999999995 6.590400000000001
12.0158 -7.4719999999999995 0.8156
12.0158 -8.9565 7.0855
12.0158 -8.1319 1.1457
12.0158 -7.5541 4.2805
12.0158 -7.554600000000001 4.2805
12.0158 -12.6687 -0.9164
12.0158 -12.6687 0.9806
9.7886 -10.8545 9.807599999999999
10.4478 -12.3392 3.4556000000000004
10.531 -6.811599999999999 -3.1439000000000004
8.3038 -8.1328 -4.299
-1.5138 4.0771 8.487599999999999
7.8087 -6.2345999999999995 -4.0514
7.8087 -6.8943 -3.8863000000000003
7.8087 -6.8943 -4.2164
7.8087 -4.5022 -2.0721
7.8087 -5.822 -3.4739
7.8087 -5.822 -3.3912999999999998
7.8087 -5.7393 -3.8041
7.8087 -4.914700000000001 -2.9787999999999997
-2.0089 -3.5942000000000003 9.725100000000001
10.7783 -7.1419999999999995 9.395199999999999
2.5287 -3.5124000000000004 8.652700000000001
0.3015 -4.5844000000000005 7.2505
-1.2665 -4.1721 6.672899999999999
11.5207 -6.977 4.2805
11.5207 -6.977 6.590400000000001
11.5207 -10.1122 1.2284
11.5207 -6.0696 6.590400000000001
11.5207 -12.6692 1.2284
4.8391 -10.4421 9.3127
9.9527 -4.6665 8.982800000000001
7.7255 -2.6868 9.6427
5.4982999999999995 -6.069100000000001 -3.2263
3.2710999999999997 1.1081 10.137599999999999
11.0256 -9.9468 8.5703
11.0256 -6.895 -2.4840999999999998
11.0256 -7.1419999999999995 8.5703
11.0256 -5.4096 0.23900000000000002
4.344 -16.9589 -2.6487
4.344 -5.657100000000001 0.1558
-3.9056 -0.4598 6.672899999999999
11.768 -6.8943 -0.4209
5.0864 -5.4918000000000005 4.2805
-1.5952000000000002 -4.0072 8.9003
8.056000000000001 -4.832199999999999 9.725200000000001
8.056000000000001 -4.7496 9.8077
11.2729 -16.9589 2.5479000000000003
9.0457 -8.875 9.8902
9.0457 -12.4216 6.590400000000001
9.0457 -6.8943 -4.0514
9.0457 -8.7919 10.3026
4.5913 -5.4098 -0.1743
8.3033 -12.5867 6.7556
6.0761 -12.256499999999999 6.590400000000001
3.8489000000000004 -2.027 8.652600000000001
3.8489000000000004 -6.4814 6.590400000000001
3.8489000000000004 -7.9667 6.590400000000001
3.8489000000000004 -9.6171 9.8902
3.8489000000000004 -8.2144 4.2806999999999995
3.8489000000000004 -8.2144 2.6308000000000002
3.8489000000000004 -8.4619 7.4982999999999995
3.8489000000000004 -8.4619 6.590400000000001
3.8489000000000004 -5.9860999999999995 10.6325
3.8489000000000004 -9.6996 2.6306
3.8489000000000004 -6.4826999999999995 6.590400000000001
2.2809 -5.9041999999999994 9.9726
10.6137 -5.0797 -0.3388
10.6137 -4.9972 2.3828
11.6034 -9.8647 1.1457
11.6034 -9.6168 1.3109000000000002
11.6034 -12.6687 -1.1642
11.6034 -12.6687 1.1457
9.376199999999999 -9.947000000000001 10.137400000000001
10.0354 -4.6665 8.6528
5.5809999999999995 -10.0293 3.4555000000000002
3.3537999999999997 -3.3472 10.6326
3.3537999999999997 -3.3472 10.3851
3.3537999999999997 -2.027 6.6731
3.3537999999999997 0.2829 9.8901
3.3537999999999997 0.2829 9.9726
3.3537999999999997 -0.21220000000000003 10.467600000000001
3.3537999999999997 -5.9878 7.002999999999999
3.3537999999999997 -4.5844000000000005 7.2505
3.3537999999999997 -4.5844000000000005 7.002999999999999
3.3537999999999997 2.675 8.57
3.3537999999999997 -1.7794 8.4875
3.3537999999999997 0.9424 9.7253
3.3537999999999997 -1.6972 10.6326
3.3537999999999997 2.0148 9.0653
3.3537999999999997 1.6029000000000002 9.3954
3.3537999999999997 -9.6995 9.4778
3.3537999999999997 -3.4298 7.2505
3.3537999999999997 -3.4298 6.9204
3.3537999999999997 -3.4298 10.7151
3.3537999999999997 -9.8641 8.982800000000001
3.3537999999999997 0.86 10.2202
3.3537999999999997 -7.389600000000001 7.1679
3.3537999999999997 -1.7791000000000001 6.9207
3.3537999999999997 -4.5846 7.002999999999999
3.3537999999999997 -8.2966 7.9928
3.3537999999999997 -8.2134 7.910399999999999
3.3537999999999997 -6.5645 7.415299999999999
3.3537999999999997 -6.5645 7.0854
3.3537999999999997 -6.5645 7.0853
3.3537999999999997 -3.1003 7.2503
3.3537999999999997 -3.1003 6.9204
3.3537999999999997 1.1081 9.725399999999999
3.3537999999999997 1.1076000000000001 10.1378
3.3537999999999997 -9.8643 8.982800000000001
3.3537999999999997 -9.8643 8.4875
3.3537999999999997 -8.6273 10.055
3.3537999999999997 -8.2136 9.7253
3.3537999999999997 -7.1407 9.9726
3.3537999999999997 -7.1407 10.0551
3.3537999999999997 -7.3885000000000005 10.3851
3.3537999999999997 -0.0477 9.9728
3.3537999999999997 -4.7499 7.3329
3.3537999999999997 -8.4619 8.0748
3.3537999999999997 -8.4619 7.4982999999999995
3.3537999999999997 -8.4619 9.7253
3.3537999999999997 -9.2857 8.9003
3.3537999999999997 -2.6046 8.652600000000001
3.3537999999999997 -8.5438 10.0551
3.3537999999999997 2.1803 9.642900000000001
3.3537999999999997 1.3547 9.9726
3.3537999999999997 2.0971 6.672899999999999
3.3537999999999997 1.1901 9.9728
3.3537999999999997 -9.0394 7.9103
3.3537999999999997 -9.0394 7.8277
3.3537999999999997 -9.7818 8.4877
3.3537999999999997 1.932 9.0653
3.3537999999999997 -0.4598 10.1378
3.3537999999999997 -8.4621 9.642900000000001
3.3537999999999997 -3.0994 6.9207
6.3233999999999995 -10.854 10.137699999999999
4.0962 -9.6993 2.6306
4.0962 -9.6164 2.0531
0.301 4.3249 8.3226
-1.9262000000000001 3.9122 6.6731
8.633799999999999 -4.2547 -0.5042
8.633799999999999 -4.7498 -2.5666
8.633799999999999 -5.822 -3.7211000000000003
7.065799999999999 -4.0896 2.6308000000000002
2.6113999999999997 -3.4296 8.6528
-3.411 2.7573 6.6731
8.1387 -12.5867 8.2399
8.1387 -12.834200000000001 4.2805
8.1387 -12.339 9.2299
2.1163000000000003 -3.4296 8.6528
2.1163000000000003 -3.4296 6.6731
2.1163000000000003 -3.347 6.6731
-1.6788999999999998 0.6950999999999999 10.6327
11.1083 -11.0195 6.5906
11.1083 -9.947000000000001 8.5703
8.8811 -4.4198 -1.4119
8.8811 -4.1723 0.8984000000000001
6.6539 -4.502 4.2805
6.6539 -4.502 6.590400000000001
6.6539 -4.1722 4.2805
6.6539 -4.089700000000001 6.590400000000001
9.5403 -4.749 8.6528
9.5403 -4.749 9.395199999999999
5.0859000000000005 -4.915 2.6306
5.0859000000000005 -4.915 1.0634
11.8507 -9.6168 6.590400000000001
11.8507 -9.6999 2.4653
11.8507 -6.8946 1.1457
5.8283000000000005 -4.9975 -2.0718
5.8283000000000005 -5.9868999999999994 -3.3911999999999995
11.3556 -10.6896 7.745100000000001
4.6739999999999995 -10.6068 4.2805
4.6739999999999995 -10.6068 6.590400000000001
4.6739999999999995 -5.9045 4.2805
4.6739999999999995 -5.9045 6.590400000000001
-3.5756 -0.5427000000000001 8.9003
9.870800000000001 -12.9169 3.7854
9.870800000000001 -16.958599999999997 3.7854
5.416399999999999 -11.9264 4.2805
5.416399999999999 -4.6672 4.2805
9.3757 -5.5743 -3.3089
-3.3283 0.6950999999999999 10.0549
-3.3283 1.7673 9.725
-3.3283 1.8501 8.7353
10.1181 -6.9765999999999995 9.8077
10.1181 -4.7496 8.7353
-2.5859 -2.9347000000000003 8.9003
-2.5859 -3.5129 8.9003
-2.5859 -3.5126 6.672899999999999
4.1789 -12.6692 -2.4839
-4.0707 1.3545 8.7353
5.9110000000000005 -6.977 -3.7213999999999996
5.9110000000000005 -6.977 -3.3085999999999998
5.9110000000000005 -4.9975 -1.9892
3.6838 -7.802099999999999 -1.1642
3.6838 -6.977 2.6306
3.6838 -6.8938 3.1260999999999997
3.6838 -6.9775 0.23809999999999998
3.6838 -6.9775 1.2282
3.6838 -16.9589 -1.1642
3.6838 -16.9589 1.146
3.6838 -16.9589 1.3109000000000002
3.6838 -12.67 1.4759
-2.3386 1.1901 10.4674
4.426200000000001 -12.6692 2.7959
4.426200000000001 -12.6692 2.6309
0.631 4.077299999999999 9.2301
11.190999999999999 -7.142600000000001 -2.4840999999999998
11.190999999999999 -9.9468 9.1475
11.190999999999999 -6.895 -1.2468
11.190999999999999 -7.1419999999999995 9.065199999999999
11.190999999999999 -8.9565 9.3127
7.3957999999999995 -10.0293 4.2805
7.3957999999999995 -7.4728 -4.299
7.3957999999999995 -12.6692 -4.299
0.7142 -4.2543999999999995 8.652700000000001
-1.513 -1.9452 9.9726
8.4687 -4.0896 2.6308000000000002
8.4687 -4.4199 6.590400000000001
4.6735 -12.668899999999999 2.3829
2.4463 1.7680000000000002 10.3025
11.4383 -8.4623 -2.3189
4.7566999999999995 0.5295 8.6528
4.7566999999999995 -0.7901 9.725200000000001
4.7566999999999995 0.19940000000000002 9.8077
7.6431 -8.4618 10.5501
-1.2657 1.1903000000000001 10.2201
-1.2657 3.7475 9.3954
-1.2657 2.2627 10.467500000000001
9.9535 -12.6686 -3.8039000000000005
9.9535 -12.0088 6.5906
5.499099999999999 -8.4618 10.5501
6.1583 -11.8438 9.4778
3.9311 -12.6687 -1.1642
3.9311 -12.6687 1.2282
2.6936 2.9223 9.478
-3.988 1.0250000000000001 9.2304
11.6856 -6.3991999999999996 6.5906
11.6856 -9.6171 1.146
11.6856 -12.67 -1.9068999999999998
-3.2456 1.8501 8.7354
1.8679999999999999 -2.9354 10.7151
10.200800000000001 -4.832199999999999 8.7353
-0.9351999999999999 -4.6685 8.9003
-0.27599999999999997 1.0251 10.7151
-2.5031999999999996 -2.9347000000000003 8.9003
10.943200000000001 -7.059200000000001 8.57
5.2513 -11.7617 6.590400000000001
3.7664999999999997 -16.9589 -1.5771
8.8801 -7.1419999999999995 10.3026
8.9633 -12.4216 8.405100000000001
8.9633 -11.4317 9.2299
-2.1727 -0.4598 10.0553
-3.7407000000000004 -0.4598 8.7353
-0.5237999999999999 -5.7395000000000005 8.4875
10.036200000000001 -5.0798000000000005 6.5906
10.6954 -12.3392 2.6308000000000002
8.4682 -12.173499999999999 9.3127
4.0138 -12.668899999999999 2.2180999999999997
4.0138 -12.668899999999999 1.2282
4.0138 -10.3592 6.590400000000001
4.0138 -12.67 2.218
6.9834 -16.9589 -4.2162
4.7562 1.1904 8.9824
4.7562 1.1904 8.57
4.7562 -3.3472 10.3026
4.7562 -0.0471 7.663
4.7562 -6.8938 10.6325
4.7562 -11.184099999999999 8.899899999999999
4.7562 0.6124 9.6427
4.7562 -3.1828000000000003 7.0028999999999995
4.7562 -0.3778 7.497800000000001
4.7562 -0.0473 9.8079
4.7562 -0.0473 8.0753
4.7562 -1.4489 10.3851
4.7562 -6.976699999999999 10.6327
4.7562 1.1073 9.0653
4.7562 -10.5243 9.3127
4.7562 -9.9465 10.055
4.7562 -9.782399999999999 10.137699999999999
4.7562 -4.9143 6.590400000000001
4.7562 -0.12940000000000002 9.9726
4.7562 -7.1419999999999995 10.2202
4.7562 -3.0162999999999998 7.4155
4.7562 -3.5946 10.6327
4.7562 -11.1018 9.2299
4.7562 -3.2641000000000004 10.2202
4.7562 -8.7919 9.9725
4.7562 -8.7919 10.3852
4.7562 0.5306 9.0653
4.7562 -3.5124000000000004 10.6325
4.7562 -5.4091000000000005 6.9204
4.7562 -0.29550000000000004 9.9728
4.7562 -8.4619 10.0553
4.7562 -8.4619 10.3851
4.7562 -10.6891 8.982800000000001
4.7562 -10.6891 6.590400000000001
4.7562 -2.6041000000000003 10.5501
4.7562 -10.6064 8.982800000000001
4.7562 -3.6775 7.332800000000001
4.7562 -11.3493 6.590400000000001
4.7562 -1.2844 9.8901
4.7562 -11.018799999999999 9.3127
4.7562 -1.1202999999999999 9.8079
4.7562 -8.4621 10.3852
4.7562 -8.4621 10.055
4.7562 -3.0994 7.0855
9.293800000000001 -7.1419999999999995 9.725200000000001
9.293800000000001 -7.1419999999999995 9.8077
4.8394 1.0246 8.6528
4.8394 0.5295 9.6427
5.4986 -8.6277 -3.7215
6.4883 -12.504000000000001 4.2805
4.2611 -9.9467 2.6308000000000002
-0.1933 -4.6674 7.497800000000001
-1.7613 -4.4192 8.9003
5.9123 -12.6692 3.9503000000000004
11.0259 -6.895 -2.4840999999999998
-3.2460999999999998 2.675 8.7353
-3.2460999999999998 1.9324000000000001 8.7353
-3.2460999999999998 1.9324000000000001 6.9206
-3.2460999999999998 2.7573 8.57
-3.2460999999999998 2.8400000000000003 6.6731
-3.2460999999999998 -0.4598 10.1373
11.7683 -8.3793 6.590400000000001
5.745900000000001 -12.834599999999998 -3.8041
3.5187000000000004 -7.802099999999999 4.2806999999999995
3.5187000000000004 -7.802099999999999 6.590400000000001
3.5187000000000004 -8.545 2.6308000000000002
3.5187000000000004 -7.7199 2.6306
3.5187000000000004 -8.544699999999999 6.590400000000001
3.5187000000000004 -16.9589 -0.504
3.5187000000000004 -16.7935 0.4031
3.5187000000000004 -7.7193 2.6308000000000002
3.5187000000000004 -8.2144 4.2806999999999995
3.5187000000000004 -8.2144 2.6308000000000002
3.5187000000000004 -8.5441 2.6306
3.5187000000000004 -9.3689 1.3107
3.5187000000000004 -12.67 -0.8338999999999999
3.5187000000000004 -12.67 0.8156
10.2835 -6.895 -3.3914
10.2835 -11.6791 8.7355
11.2732 -9.9468 4.2805
11.2732 -9.9468 6.590400000000001
9.046 -12.0916 4.363
-3.6580000000000004 2.1801 8.7354
-3.6580000000000004 1.9325999999999999 9.2304
12.0156 -16.9589 -0.6688000000000001
12.0156 -12.67 0.9806
12.0156 -12.834599999999998 -0.9164
12.0156 -16.875799999999998 0.8156
9.7884 -12.0916 6.590400000000001
6.0764 -6.976699999999999 -3.3914
8.9628 -7.3072 10.3026
4.5084 -11.0193 4.2806999999999995
4.9221 0.8595 9.3126
4.9221 -1.0377 9.725200000000001
4.9221 -1.0377 9.8077
7.8085 -6.9775 -3.8865
7.8085 -6.9775 -4.2164
7.8085 -16.9589 -4.2162
7.8085 -16.9589 -3.0618
7.8085 -12.7523 -3.0618
7.8085 -12.67 -4.2989
7.8085 -12.6692 -4.299
7.8085 -12.6692 -3.9689
5.581300000000001 -11.018799999999999 9.8902
6.3237000000000005 -12.009 9.3127
4.0965 -6.977 -0.1743
4.0965 -6.977 2.6306
4.0965 -5.9868999999999994 2.6306
-4.1531 -0.5427000000000001 8.9829
-4.1531 -0.5427000000000001 8.9003
8.6341 -4.089700000000001 6.5078
6.4069 -7.1419999999999995 10.6327
11.5205 -7.141699999999999 6.5906
11.5205 -6.1517 7.498100000000001
4.8389 0.3643 8.6528
4.8389 0.6944 8.0752
4.8389 -0.21259999999999998 7.5806
4.8389 -5.1617999999999995 4.2805
4.8389 1.0245 8.6528
3.2709 -9.121 7.910399999999999
3.2709 -8.0486 7.993
3.2709 -0.2946 10.0553
3.2709 -9.203899999999999 8.9002
3.2709 -8.3787 7.497800000000001
3.2709 -7.223599999999999 7.167999999999999
3.2709 -9.7818 8.9002
-1.1835 4.1598999999999995 8.487599999999999
10.366200000000001 -15.8862 -3.4737999999999998
4.3438 -10.0296 4.2803
11.108600000000001 -5.4921 4.2805
9.540600000000001 -10.2771 3.5380000000000003
9.540600000000001 -8.0503 -3.9690000000000003
5.0862 -6.9775 -2.7315
5.0862 -7.0605 -2.5664
-3.1634 -0.7904 10.0553
-3.1634 -0.7904 10.1378
9.623800000000001 -7.1419999999999995 10.055
8.0558 -4.0072 6.590400000000001
5.8286 -6.9775 -3.7215
5.8286 -7.0605 -3.2268
5.8286 -12.6692 -3.804
5.8286 -12.6692 -3.474
3.6014 -7.9667 6.590400000000001
3.6014 -7.306699999999999 6.590400000000001
3.6014 -16.9589 -0.9164
3.6014 -16.9589 1.1457
3.6014 -9.2044 3.6207000000000003
3.6014 -12.67 -1.1642
3.6014 -12.67 1.1457
3.6014 -9.6996 1.2282
11.3559 -12.6692 2.4653
9.128699999999998 -12.256499999999999 8.5703
9.128699999999998 -10.607 10.055
9.128699999999998 -9.947000000000001 9.807599999999999
9.128699999999998 -11.8439 8.5703
7.5607 -10.2769 3.9505
12.0983 -8.8749 0.9806
12.0983 -9.370000000000001 -0.25639999999999996
12.0983 -12.67 0.073
12.0983 -12.6687 -0.25639999999999996
3.8487 -7.142999999999999 -1.1643999999999999
