1447
0.992 2.2825 1.2772999999999999
0.992 -2.4893 -6.097
0.992 -2.5617 -6.17
1.7152 -1.55 -2.4103
1.7152 -2.6349 -2.4823999999999997
-2.4063999999999997 -2.4175 -5.5916
-1.6832 4.9571 -0.6025
6.848 4.8125 -2.7718
-3.6352 2.4986 -4.3618999999999994
-3.6352 1.9926 -3.2773999999999996
8.2944 1.1974 -2.3378
8.2944 0.2572 -2.3378
4.1728000000000005 -6.755800000000001 4.1692
2.2207999999999997 5.6075 -4.4351
2.2207999999999997 5.1735999999999995 -4.4351
2.2207999999999997 3.8729 -7.9767
2.2207999999999997 3.4388 -8.0496
2.944 -6.755800000000001 -3.6391
3.6672000000000002 2.2819 -10.145800000000001
1.6424999999999998 -4.0081999999999995 -8.556
1.6424999999999998 -4.0081999999999995 -9.4954
3.0888999999999998 -6.755800000000001 3.7354
-1.0327 -3.8636999999999997 -7.2543
8.2217 3.15 -2.4101
-2.9846999999999997 -3.1403 -8.194700000000001
-2.9846999999999997 3.8004000000000002 -4.2171
8.9449 1.1249 -2.0484999999999998
4.3177 0.9804999999999999 -4.3628
4.3177 0.9804999999999999 -7.6877
4.3177 -0.17650000000000002 -9.1335
4.3177 0.11280000000000001 -10.1464
4.3177 0.619 -4.3628
5.7641 4.2337 4.0245999999999995
5.7641 6.547699999999999 2.579
6.4873 5.7525 -2.0484999999999998
4.4626 4.7394 -4.3622000000000005
0.34099999999999997 -3.3576 -6.3142000000000005
0.34099999999999997 -4.225099999999999 -8.1219
1.0642 -2.5623 -0.8918
1.0642 5.3906 -4.3626
1.0642 4.3067 -8.0496
1.0642 -6.7553 -0.8918
1.0642 -2.5627 -0.8918
1.0642 1.0528 1.2772999999999999
1.0642 4.4512 -6.4587
1.0642 5.752199999999999 -4.4351
1.0642 5.9693000000000005 0.9880999999999999
1.0642 3.9448999999999996 -8.0496
-1.611 0.9083000000000001 -1.4701
-1.611 4.5955 -4.1452
-1.611 -1.6222 -4.3622000000000005
-1.611 -0.8268 -4.0004
-1.611 2.5711 -0.4581
-1.611 -0.6097 -3.7836000000000003
-1.611 4.668 -1.2533
-1.611 1.1969 -1.7597
-1.611 0.8357 -1.5427
-1.611 2.4987 0.0482
-1.611 4.6678 -4.1452
-1.611 -1.1882 -4.3622000000000005
-1.611 5.2463999999999995 -3.4943
-1.611 1.2697 -1.1809999999999998
-1.611 1.2697 -1.6873
-1.611 2.2095 -0.0967
-1.611 -1.6223 -4.3622000000000005
-1.611 1.3422 -1.6143
-1.611 1.3422 -1.5425
6.9202 5.4633 3.0846
6.9202 2.7883999999999998 3.88
6.9202 5.174 3.2295
-3.563 2.5711 -4.3622000000000005
-3.563 0.6913 -4.3628
-3.563 -1.3331000000000002 -5.5195
8.3666 2.7157 -2.4101
4.9681999999999995 6.6198999999999995 2.723
2.4379 -6.7553 1.2772999999999999
2.4379 -2.5627 1.2772999999999999
2.4379 -2.5627 1.2049
-0.9605 4.3789 0.4095
-0.9605 -3.5023 -7.2543
-0.9605 4.2339 -8.3388
-0.9605 -3.9357999999999995 -7.327
8.2939 2.7882000000000002 -2.4827
9.0171 2.7157 1.4219000000000002
-2.1893 2.8606 -0.3132
-1.4661 1.2697 -1.6151
-1.4661 1.2697 -1.5427
2.3651999999999997 6.4754000000000005 2.2171
3.8116 -1.2608 -10.1464
3.8116 -1.8391000000000002 -8.1213
3.8116 0.7634 -4.3628
3.8116 0.5466000000000001 -5.375
3.8116 -1.9837 -8.1212
3.8116 -1.9115 -10.1464
3.8116 -1.0439 -10.1464
3.8116 -2.0561 -10.1464
3.8116 -1.9839 -8.3388
3.8116 -1.3334000000000001 -8.3388
3.8116 0.3294 -4.3626
3.8116 -1.1884000000000001 -8.266
3.8116 0.3297 -4.3628
1.8596000000000001 -2.4181 2.7231
2.5828 -6.755800000000001 3.3742
2.5828 -1.9842 -3.4222
-1.5388000000000002 5.1014 -4.4350000000000005
-1.5388000000000002 3.8 0.5541
-0.0924 5.6800999999999995 -4.3622000000000005
8.4388 -2.2008 -2.4103
5.0404 5.608 -2.3376
5.0404 6.619999999999999 -1.0364
5.0404 6.9091 0.6262
4.4621 3.5108 4.1693
6.6317 0.7632 -4.0006
6.6317 -2.1999 -3.7115
3.9565 -0.8992999999999999 3.7355
3.9565 1.9202000000000001 4.1693
8.5837 -2.4899999999999998 2.7233
8.5837 0.9802 2.7233
3.8838 -6.755800000000001 -4.073
-0.0202 -4.2975 -8.3391
7.787800000000001 2.4266 -3.1334
7.787800000000001 3.8003 -2.4101
8.511000000000001 -6.755800000000001 2.7954
8.511000000000001 2.7883999999999998 1.7833999999999999
-2.6954 1.2697999999999998 -2.4101
-2.6954 2.5711 -1.9038
-2.6954 1.2697 -2.4829
9.2342 2.7157 0.4821
9.2342 0.7636000000000001 1.5667
2.5823 -3.3571999999999997 -8.0496
0.6303 6.4754000000000005 -1.3981000000000001
1.3535 0.32980000000000004 -0.8918
1.3535 -2.4181 1.9281
1.3535 0.3297 -0.8918
2.0767 -1.55 -2.4103
9.1615 -6.755800000000001 -1.7590999999999999
9.1615 2.7157 -0.38570000000000004
-2.0448999999999997 -3.7914000000000003 -10.1464
-2.0448999999999997 -3.5020999999999995 -7.2543
-1.3216999999999999 5.463 -1.2533
-1.3216999999999999 4.523499999999999 0.5543
-0.5985 4.3787 1.422
9.3064 1.1249 1.2772000000000001
9.3064 -2.2005 -1.4702
9.3064 -2.4899999999999998 1.4219000000000002
9.3064 2.2092 -0.5303
6.6312 5.3187 -2.4101
6.6312 2.7157 3.5909000000000004
6.6312 2.571 4.0247
5.4024 -2.4899999999999998 3.9523999999999995
2.004 6.0416 -3.639
2.004 -2.5623 -2.2653
2.004 -2.5623 -2.4101
2.004 -3.6468 -8.1219
2.004 0.3297 -2.3373999999999997
-0.6712 5.6077 -4.0725
-0.6712 0.5462 -1.6875999999999998
-0.6712 5.8969000000000005 -1.2533
-0.6712 5.1018 -4.2171
0.052 3.8004000000000002 -10.146099999999999
0.052 4.0171 -8.0498
1.4984000000000002 4.595599999999999 2.9402999999999997
7.86 4.9565 -1.47
-3.3464 2.2819 -4.3628
-3.9246999999999996 -1.7669000000000001 -8.0489
-3.9246999999999996 0.6913 -10.1452
-3.9246999999999996 -1.8392 -10.1452
8.0049 2.7883999999999998 3.157
8.0049 -2.4899999999999998 2.7957
8.0049 2.2816 3.2295
8.0049 5.174 1.9282000000000001
-3.2015000000000002 2.5711 -4.3622000000000005
-3.2015000000000002 2.5711 -2.1209
-3.2015000000000002 2.2819 -10.146099999999999
8.7281 -6.7553 -2.4103
8.7281 -2.2008 -2.4103
8.7281 -2.3461 -2.5547
2.6545 6.4031 -2.5549
2.6545 4.5957 3.5184
3.3777 5.3184000000000005 -4.4350000000000005
3.3777 2.2819 -7.904400000000001
-0.0207 6.2584 -1.2533
1.4257 -3.6467 -8.1944
1.4257 3.583 2.868
1.4257 3.583 2.7956000000000003
1.4257 6.6922 -0.7469
1.4257 -3.5742999999999996 -8.1219
2.1489000000000003 -3.6467 -8.1219
-1.2494999999999998 4.523499999999999 0.5543
-2.551 -3.5020999999999995 -8.3394
-2.551 -3.5020999999999995 -10.1464
-1.8277999999999999 -3.1408 -7.327
6.703399999999999 -6.755800000000001 2.651
6.703399999999999 -2.5625999999999998 2.651
6.703399999999999 5.969399999999999 1.7833999999999999
4.7514 0.9077999999999999 4.313899999999999
4.7514 -6.755800000000001 -2.9886
4.7514 -2.5625 -2.9886
2.0762 -3.7914999999999996 -10.145999999999999
0.1242 2.5711 0.6988
0.1242 1.4867 -0.0967
0.1242 0.7638 -1.4701
0.1242 1.1253000000000002 -1.5425
0.1242 2.4985 0.6262
0.1242 1.9202000000000001 0.6262
0.1242 0.7636000000000001 -1.5425
0.1242 2.4988 1.205
-0.4541 5.5355 0.5543
8.8003 2.7157 -0.6026
8.8003 2.7157 -1.7590999999999999
6.1251 -2.4899999999999998 4.2415
7.5715 1.92 -3.4221000000000004
3.4499000000000004 2.7883 -8.0498
4.1731 0.9804999999999999 -10.1464
4.1731 -1.1161 -8.1938
5.6195 5.7527 3.5183
0.7747 0.1848 -3.205
2.9443 6.9091 0.9880999999999999
0.9196 4.812799999999999 2.5063999999999997
0.9196 6.186 -1.2533
0.9196 6.330900000000001 0.9880999999999999
0.9196 1.0527 -1.6151
0.9196 6.4031 -2.3376
0.9196 6.475300000000001 -1.2533
0.9196 6.475300000000001 0.40930000000000005
0.9196 -4.0806000000000004 -8.1219
0.9196 0.6910000000000001 -1.5427
0.9196 -3.7191 -8.0496
0.9196 -0.899 -4.2894000000000005
0.9196 4.3787 2.1447000000000003
0.9196 -2.7788 -6.386500000000001
0.9196 6.402900000000001 0.6267
0.9196 6.402900000000001 0.5543
0.9196 2.5711 1.9999
0.9196 2.5711 1.4938
0.9196 2.5711 1.4218
0.9196 -3.2132 -6.386699999999999
0.9196 6.1861 -1.2533
0.9196 0.8357 -2.2658
0.9196 6.4754000000000005 -1.2533
0.9196 -2.1285 -4.9408
0.9196 0.6916 -1.5425
0.9196 6.547600000000001 -0.2417
0.9196 5.9693000000000005 0.9880999999999999
0.9196 -1.1882 0.4095
0.9196 6.0415 0.5543
0.9196 -3.7190000000000003 -8.0496
0.9196 1.0531000000000001 -1.5425
0.9196 -1.1165 -4.3622000000000005
0.9196 0.9804 -1.8318
0.9196 6.4030000000000005 0.5543
0.9196 2.4263 1.928
0.9196 0.4743 -2.8443
0.9196 4.3783 2.5063999999999997
0.9196 4.3783 2.1447000000000003
0.9196 1.1248 -0.8918
0.9196 0.6192 -0.0236
0.9196 -1.8384 -4.6518
0.9196 5.8969000000000005 -4.0725
0.9196 6.0418 -2.4101
0.9196 -3.1404 -6.2418000000000005
0.9196 6.041300000000001 1.5664999999999998
0.9196 6.041300000000001 0.5543
0.9196 2.1372999999999998 1.2772999999999999
0.9196 -2.996 -6.0975
0.9196 -2.9238 -5.9524
0.9196 -2.9238 -6.097
0.9196 -1.4774 -4.3622000000000005
0.9196 1.1251 -0.8918
0.9196 -2.8516 -6.386699999999999
0.9196 -4.0804 -7.904999999999999
0.9196 5.3911 -4.3622000000000005
0.9196 -2.6345 -6.2423
1.6428000000000003 6.6198999999999995 1.0605
-1.0324 -1.7666000000000002 -4.2894000000000005
-1.0324 0.6910000000000001 -1.5427
6.7756 6.1137 2.5066
8.222 5.0287 -0.38570000000000004
8.222 5.0287 -0.4581
4.1004 -6.755800000000001 2.7956000000000003
4.1004 -2.4181 4.1692
4.1004 -2.5629 2.7956000000000003
6.9932 6.0414 -0.8194999999999999
6.9932 0.9077 -3.8559
3.0165 -1.55 -3.5669
3.0165 0.3296 -4.3622000000000005
3.0165 -5.7432 -3.7113
4.4629 4.8125 -4.3622000000000005
1.0645 -0.6823 -3.5669
8.8725 4.016900000000001 0.6989000000000001
8.8725 2.7157 1.7833999999999999
8.8725 2.7157 -0.3856
8.8725 2.716 1.9282000000000001
8.8725 -2.4899999999999998 2.3617
8.8725 1.4146 -2.1208
-2.3339 4.5955 -3.7837
6.1973 1.2696 4.2415
7.643700000000001 1.6303999999999998 3.5908
4.245299999999999 0.6911999999999999 -10.1464
4.245299999999999 -0.7543 -10.1464
4.245299999999999 -0.7543 -8.1938
5.6917 1.3419999999999999 4.314
5.6917 -2.6349 4.314
5.6917 -2.4899999999999998 4.314
6.414899999999999 5.174 3.5183
1.5701 0.6188 -3.0606
2.2933 1.4866000000000001 2.7231
2.2933 1.0528 2.7231
-0.9601999999999999 3.0051 0.9161
-0.9601999999999999 4.3783 0.48219999999999996
-0.23700000000000002 -2.7788 -5.4465
7.571 5.0294 -1.6865
7.571 5.174 1.7836
-3.6353999999999997 2.2819 -7.3266
-3.6353999999999997 2.3544 -9.423
-2.9122 3.728 -2.4823999999999997
-2.9122 3.728 -4.3622000000000005
-2.9122 3.8726999999999996 -2.6994000000000002
9.0174 2.7157 1.4219000000000002
9.0174 -2.4899999999999998 1.4219000000000002
2.9438 0.6188 -3.8562
2.9438 0.6188 -3.5669
2.9438 0.2571 -3.5669
3.6670000000000003 4.7401 -4.3622000000000005
3.6670000000000003 4.7401 -4.2896
4.3902 2.5713 -6.314
4.3902 1.4873 -6.8202
4.3902 0.909 -6.7478
1.1367 6.4031 -2.4101
1.1367 -6.7553 1.2772999999999999
1.1367 -2.5627 1.2772999999999999
1.1367 5.8972 2.0728
-2.2617000000000003 3.7279 -1.2533
6.9927 -6.7553 -3.9284
7.7159 4.9567 1.7833999999999999
8.4391 4.8845 0.2653
8.4391 -2.4899999999999998 -2.4101
8.4391 -2.4899999999999998 -2.3378
8.4391 2.6433999999999997 2.7233
4.3175 4.0172 -5.1579
4.3175 4.0168 -5.230300000000001
4.3175 4.0168 -4.7241
4.3175 4.3066 -4.3622000000000005
4.3175 2.2819 -5.7364
4.3175 2.2819 -6.603299999999999
4.3175 4.8125 -4.3622000000000005
5.0407 1.1259 -4.4349
6.4871 -2.5628 -4.1453
3.016 -2.4177 3.7354
3.7392000000000003 -1.2608 -8.6281
3.7392000000000003 -0.4659 -7.2537
5.1856 6.4031 -0.1687
5.1856 6.8368 0.2652
2.5104 -2.4177 3.3742
-0.1648 -4.0081 -7.3263
8.3664 2.7157 2.7234000000000003
8.3664 4.5229 -1.0363
9.0896 2.7883999999999998 1.3494000000000002
9.0896 0.1842 1.928
9.0896 2.2092 1.6388
6.4144000000000005 -2.2008 -4.1453
3.1609 6.9092 0.9880999999999999
3.1609 5.7526 2.8679
3.1609 6.7645 2.0728
3.1609 5.8972 3.2291
3.1609 6.6198999999999995 0.9880999999999999
3.8841 -2.4177 3.7355
5.3305 3.945 -4.3622000000000005
0.4857 -3.5742999999999996 -6.6761
1.2089 -2.4177 1.5667
-2.1895000000000002 3.728 -1.2533
-2.1895000000000002 4.6678 -1.5427
-1.4663000000000002 1.6313000000000002 -0.5299
-1.4663000000000002 4.668 -4.3622000000000005
7.064900000000001 -2.5628 -2.4103
7.064900000000001 -6.7553 -2.4103
-4.1415 -1.1885 -8.1212
7.788100000000001 5.0295 -0.1687
7.788100000000001 -0.0313 3.5185
-3.4183 1.3421 -2.7
7.933 -5.8158 3.3737999999999997
7.933 -6.755800000000001 1.4219000000000002
7.933 -2.5625999999999998 1.4219000000000002
5.981 5.1013 3.7354
1.8594 4.0171 -8.0498
-0.8158000000000001 5.8246 -2.5551999999999997
-0.0926 -1.7669000000000001 -4.2894000000000005
7.7154 5.0294 -0.24109999999999998
8.438600000000001 -2.4899999999999998 2.9402999999999997
8.438600000000001 -2.4899999999999998 2.9398
9.161800000000001 2.7157 -0.5303
9.161800000000001 1.7760000000000002 -1.398
9.161800000000001 2.2816 1.4219000000000002
-2.0446 4.957199999999999 -2.7721
-2.0446 4.6677 -4.7966
-2.0446 3.8004000000000002 -8.3384
-2.0446 4.668 -1.2533
-2.0446 4.3066 -4.3626
-2.0446 4.3783 -0.5301
-2.0446 -2.6342999999999996 -5.664000000000001
-2.0446 4.7403 -4.3622000000000005
-2.0446 3.4388 -8.3384
6.486599999999999 2.1367000000000003 -3.4945999999999997
4.4619 6.9091 -0.0241
5.9083 6.619700000000001 -0.1687
3.2331 2.2819 -8.1945
3.2331 2.2819 -10.146099999999999
3.9563 0.9804999999999999 -4.6521
5.4027 3.8003 -3.7838
2.0042999999999997 -6.755800000000001 -2.8441
2.0042999999999997 4.595599999999999 3.2295
2.0042999999999997 4.595599999999999 2.7956000000000003
2.0042999999999997 -2.4177 2.868
2.0042999999999997 -2.4177 2.7956000000000003
8.3659 2.3542 -2.4101
-2.1173 4.6678 -4.3622000000000005
-0.6708999999999999 5.8971 -0.8194
7.1371 4.9567 3.2295
-3.3461 2.9328 -2.8434
-3.3461 2.5711 -2.5551999999999997
4.6068 -1.1881 4.313899999999999
1.9316 4.0173 -8.0496
1.9316 -2.4177 2.7956000000000003
-0.0204 5.6799 -4.4351
-0.0204 4.2343 -7.398499999999999
-0.0204 4.3787 -8.0498
-0.0204 3.8726 -8.5557
-0.0204 3.8726 -10.1464
-0.0204 3.8726 -10.146099999999999
-0.0204 5.6078 -4.3626
-0.0204 4.306299999999999 -10.146099999999999
-0.0204 4.4512 -7.9045000000000005
-0.0204 5.2461 -4.4351
-0.0204 4.3788 -8.266
-0.0204 4.5959 -6.2425
-0.0204 4.089799999999999 -8.0496
-0.0204 4.0171 -8.3388
-0.0204 5.463 0.48190000000000005
-0.0204 4.3064 -8.3388
-0.0204 4.3064 -10.1464
-0.0204 5.2462 -4.3626
-0.0204 4.0174 -8.1212
1.426 -2.6353 -2.0484999999999998
8.5108 3.4392 -1.8315000000000001
9.234 2.4988 -0.6026
-1.9724 3.5111000000000003 -7.7601
-1.9724 3.8726 -8.3384
-1.9724 4.2344 -4.4350000000000005
7.932500000000001 2.3542 -2.4101
7.932500000000001 2.716 3.2295
7.932500000000001 5.174 1.7836
-3.2739 2.9329 -7.3266
-3.2739 2.2819 -7.3266
-2.5507 3.728 -4.3622000000000005
-2.5507 3.8726999999999996 -1.2533
-2.5507 4.3786 -2.5551999999999997
7.4269 5.9692 -0.0241
3.3053 -1.6948 -3.856
3.3053 0.5465 -3.4944999999999995
1.3533 0.329 -0.8918
2.0765 -1.55 -2.4103
2.0765 0.4019 -2.4103
-1.9002000000000001 4.2338000000000005 -1.2533
-3.8522 1.7035000000000002 -4.3628
4.679 -0.9714999999999999 -3.8562
7.5718 4.6673 -2.1931
0.0518 4.3783 1.9999
1.4982 -6.7553 -2.1207
-2.6234 3.4386 -10.146099999999999
8.0047 5.1019000000000005 -0.8921
8.7279 -6.755800000000001 -2.4101
8.7279 -2.1999 -2.4825
9.4511 -2.4899999999999998 -0.5303
9.4511 -2.4899999999999998 -0.9641000000000001
9.4511 0.11280000000000001 -0.6026
-1.7552999999999999 4.957199999999999 -4.3622000000000005
3.3775 -1.55 -3.5666999999999995
6.2703 5.0294 -2.3377
6.2703 6.0414 3.0123
6.2703 6.1859 -1.3976
6.2703 6.4752 -0.5303
6.2703 5.174 3.1571000000000002
2.1487 -0.9712999999999999 -2.4103
2.8719 6.9091 -0.2409
-1.828 -1.6223 -4.3622000000000005
-1.828 -1.6223 -4.2894000000000005
-1.1048 2.5711 0.4818
-1.1048 0.7636000000000001 -1.4701
-1.1048 0.7636000000000001 -1.5425
7.426399999999999 2.716 3.1571000000000002
8.1496 -2.4899999999999998 2.7234000000000003
8.8728 -2.4899999999999998 -2.3378
3.5223999999999998 -0.9712999999999999 -3.4944999999999995
3.5223999999999998 4.5957 3.8076
3.5223999999999998 -0.1042 -3.4944999999999995
0.8472000000000001 5.462899999999999 2.2171
0.8472000000000001 -1.6226 -4.3622000000000005
0.8472000000000001 0.6192 0.26480000000000004
0.8472000000000001 0.6192 -0.0236
0.8472000000000001 3.9448999999999996 -8.0496
0.8472000000000001 1.3422 1.1324
2.2936 4.089700000000001 -7.3986
0.2689 5.3184000000000005 -4.3626
0.2689 2.5711 0.771
0.9921 0.3297 -0.8918
-3.1295 1.2696 -2.266
-3.1295 0.2575 -3.061
8.8001 2.7887 -0.38570000000000004
8.8001 3.7282999999999995 -0.8918
8.8001 3.2944 1.7833999999999999
-2.4063 3.0051 -0.6025
-2.4063 3.8 -7.3266
9.523299999999999 -1.9828999999999999 -0.3856
9.523299999999999 -2.4899999999999998 0.6262
6.8481 -6.755800000000001 3.9523999999999995
6.8481 -6.755800000000001 2.651
6.8481 5.897 -0.1687
6.8481 2.7157 3.8802000000000003
6.8481 2.7157 3.5909000000000004
6.8481 -2.4899999999999998 4.0247
6.8481 -2.4899999999999998 4.024500000000001
6.8481 -2.4899999999999998 3.6633
6.8481 6.331 1.7833999999999999
6.8481 1.4143 4.0247
6.8481 -2.5625999999999998 2.651
6.8481 5.969399999999999 1.7833999999999999
8.294500000000001 -6.755800000000001 -0.5303
4.1729 5.7526 3.5186
4.8961 3.6554999999999995 -4.3622000000000005
4.8961 3.8003 -4.3622000000000005
5.6193 2.7157 4.2415
2.9440999999999997 5.6077 2.7958
3.6672999999999996 0.3296 -3.5669
1.6426 -6.755800000000001 2.3616
2.3657999999999997 -2.4181 2.7956000000000003
2.3657999999999997 0.6189 -3.5666999999999995
-1.0326 4.2338000000000005 1.0606
-1.0326 2.5711 0.5546
-1.0326 2.5711 0.048
-1.0326 2.716 0.6265
-1.0326 2.716 0.1207
-1.0326 4.2341 -8.3384
-1.0326 4.3783 0.9157000000000001
-1.0326 4.3783 0.3374
-0.3094 6.1139 -1.3256999999999999
7.4986 4.3786 -2.4101
8.2218 5.1019000000000005 -0.1687
-2.9846 3.7279 -2.6994000000000002
-2.9846 -1.7675 -5.2301
-2.9846 3.1495 -1.7597
8.945 -2.4899999999999998 1.4219000000000002
4.8233999999999995 -2.6351 4.314
7.7162 4.9565 -0.4581
3.5946 2.2819 -10.146099999999999
4.3178 4.885 -4.3622000000000005
4.3178 0.909 -6.7478
4.3178 4.8125 -4.3622000000000005
3.0162999999999998 6.0416 -2.4101
3.0162999999999998 6.1861 -2.9884999999999997
3.0162999999999998 5.0295 -4.3622000000000005
3.0162999999999998 5.0295 -4.2896
0.3411 4.0892 2.2168
1.0643 -2.5623 -0.8918
1.0643 -4.0806000000000004 -8.1219
1.0643 -3.7191 -7.1816
1.0643 0.32980000000000004 -0.8918
1.0643 -0.6101 -3.5666999999999995
2.5107 -2.4181 3.3742
-1.6108999999999998 -4.0081 -8.3394
-4.2861 0.5466000000000001 -8.4104
-4.2861 -0.3936 -10.1452
-4.2861 -0.466 -8.1212
7.6435 0.7632 -3.4944
7.6435 5.0292 1.7833999999999999
7.6435 5.174 2.5786
-3.5629 2.2819 -10.146099999999999
-3.5629 2.7161 -4.3625
4.2451 4.0168 -4.7241
4.2451 2.2819 -5.7364
4.2451 4.8847000000000005 -4.4350000000000005
6.4147 5.0292 3.0846999999999998
6.4147 4.9565 -2.3376
6.4147 5.0287 -2.4101
6.4147 5.174 3.157
7.1379 -6.755800000000001 -2.4101
7.1379 -6.755800000000001 -2.3378
7.1379 -2.5625999999999998 -2.4101
7.1379 -2.5625999999999998 -2.3378
2.2931 -6.7553 -0.8918
2.2931 -2.5627 -0.8918
2.2931 1.0528 2.7231
2.2931 1.0528 2.7956000000000003
5.1132 6.0414 -2.3377
5.1132 6.7646 -0.3135
5.1132 2.3533 -4.217499999999999
5.1132 5.6081 -2.3377
5.1132 5.6081 -2.4101
5.1132 6.4030000000000005 -0.24109999999999998
5.1132 6.4750000000000005 -0.1687
1.7148 -0.24849999999999997 -3.4944
1.7148 0.2575 -3.5666999999999995
-0.2372 4.7405 1.7108999999999999
-0.2372 -4.2975 -10.145999999999999
-3.6356 2.2819 -10.1464
8.294 -2.3461 -3.0609
9.0172 -2.4899999999999998 1.4219000000000002
7.065200000000001 4.8125 -2.4101
7.788399999999999 4.9567 -0.3856
7.788399999999999 5.0289 -0.3856
7.788399999999999 -2.4899999999999998 3.5185
3.0885 -2.0562 -6.6036
3.8116999999999996 1.053 -8.4825
1.1365 -2.5623 1.2772999999999999
1.1365 -2.6351 1.2772999999999999
1.8597 -1.55 -2.6995
1.8597 -2.6349 -2.6995
7.7157 5.0295 1.7833999999999999
7.7157 2.3533 -3.2056
7.7157 5.7523 1.3494000000000002
-3.4907 2.5711 -3.2776
-3.4907 2.8604000000000003 -4.1452
4.3173 5.3908 3.7354
5.9086 6.7645 1.5663
1.7870000000000001 0.6913 -2.4099
2.5101999999999998 6.475300000000001 -2.3376
2.5101999999999998 -6.755800000000001 1.2772999999999999
2.5101999999999998 6.8368 -0.6747000000000001
2.5101999999999998 6.8368 0.9880999999999999
2.5101999999999998 6.5478 0.9880999999999999
2.5101999999999998 6.6922 -1.4701
2.5101999999999998 6.764399999999999 -1.0364
2.5101999999999998 6.4030000000000005 -2.4101
2.5101999999999998 6.4030000000000005 -1.1088
2.5101999999999998 6.114 -2.1931
2.5101999999999998 6.114 -2.4101
2.5101999999999998 6.475499999999999 -1.0364
2.5101999999999998 6.475499999999999 -0.6023999999999999
3.2334 6.619800000000001 -1.7593
3.9566 6.330900000000001 3.0846999999999998
3.9566 6.6922 2.5786
-0.165 5.8245 0.6267
0.5582 4.3787 -8.0498
2.0046 -6.755800000000001 2.7956000000000003
9.0894 1.1974 -0.5303
6.4142 -2.4899999999999998 4.1691
-4.069 0.6913 -5.303100000000001
5.1127 -6.755800000000001 3.0848
5.1127 -6.755800000000001 4.2414
5.1127 -2.4181 4.314
5.1127 -2.5629 3.0848
6.5591 1.92 -3.4944
6.5591 2.2811000000000003 -3.8559
6.5591 2.3533 -3.4944
6.5591 -2.1999 -3.7836000000000003
6.5591 -2.1999 -4.073
3.1607000000000003 -2.4179 -10.145999999999999
3.1607000000000003 5.7526 2.7955
3.1607000000000003 -2.2008 -8.1219
3.1607000000000003 -0.6105 -5.808
3.1607000000000003 6.6922 2.2171
3.1607000000000003 5.8249 3.2294000000000005
3.1607000000000003 -0.8996999999999999 -6.097
3.1607000000000003 -0.9716 -6.2423
3.1607000000000003 -2.2731000000000003 -8.2668
3.1607000000000003 6.6198999999999995 0.9880999999999999
3.8838999999999997 -6.755800000000001 2.7231
3.8838999999999997 -6.755800000000001 2.7956000000000003
3.8838999999999997 0.9808000000000001 -10.1464
3.8838999999999997 -2.5629 2.7231
3.8838999999999997 -2.5629 2.7956000000000003
1.9319 0.40169999999999995 -3.6394999999999995
1.9319 -2.0558 -5.3743
-2.1897 3.9447 -7.3263
-0.7433000000000001 3.7278 1.3493
-3.9967999999999995 1.4866000000000001 -5.2307
7.932799999999999 2.7157 -2.4101
7.932799999999999 2.4988 -2.3378
8.656 1.1974 -2.4101
4.534400000000001 -6.755800000000001 -4.217499999999999
3.3056 -2.7069 -8.3384
3.3056 -1.6943 -6.3861
3.3056 -2.7792 -8.411200000000001
1.3536 1.4144999999999999 1.2772999999999999
1.3536 1.0528 1.2772999999999999
1.3536 1.1253000000000002 2.1448
2.0768 -6.755800000000001 2.7956000000000003
2.0768 -6.755800000000001 2.8681
-2.0448 3.4386 -7.9776
-2.0448 3.3661999999999996 -10.146099999999999
-2.0448 3.5832999999999995 -7.3266
-2.0448 4.2338000000000005 -4.3625
-2.0448 3.7276999999999996 -10.146099999999999
-2.0448 4.1613999999999995 -4.5073
-2.0448 4.3783 -5.8086
-2.0448 3.9448999999999996 -7.3266
-2.0448 3.4388 -8.3388
-2.0448 3.4388 -10.1464
-2.0448 3.5832 -7.3263
-2.0448 3.8003 -10.1464
9.3065 1.1974 -1.1088
9.3065 -2.4899999999999998 1.4219000000000002
-1.8999 3.4388 -10.0014
1.2809 4.2339 -8.1222
2.0040999999999998 -2.4893 -6.0247
2.0040999999999998 -2.4181 2.8681
2.0040999999999998 -2.5617 -6.0975
2.0040999999999998 -2.6351 2.7956000000000003
2.7273 3.3664 -10.146099999999999
2.7273 3.5109000000000004 -8.1222
-1.3943 2.5711 0.3374
-2.6231 3.5109000000000004 -1.1085
7.2818 3.8728 3.5187999999999997
8.004999999999999 -2.635 -3.35
7.4994000000000005 2.716 3.157
7.4994000000000005 2.716 3.0846999999999998
2.6546 6.7645 1.7111999999999998
4.101 -2.4177 4.1693
4.8242 -2.5628 -3.0610999999999997
4.8242 -6.7553 -3.0610999999999997
4.8242 -6.7553 -4.2174000000000005
4.8242 -2.2008 -4.0007
4.8242 -2.4183 -4.2899
0.7026 4.3788 -8.0496
1.4258 -2.5623 -2.0484999999999998
1.4258 -2.5623 -0.8918
1.4258 -2.4181 1.2772999999999999
1.4258 0.8357 1.2772999999999999
1.4258 -1.1162 2.1448
1.4258 -1.044 -0.8918
-3.2741 2.5711 -4.3618999999999994
8.6555 -6.7553 -2.6270000000000002
8.6555 1.197 -2.4101
9.3787 0.9804999999999999 -0.9641000000000001
9.3787 1.1974 -0.5303
9.3787 1.1974 -0.8194999999999999
9.3787 2.0645000000000002 0.4097
-1.8277 -1.695 -4.3625
-3.7796999999999996 0.11280000000000001 -4.3616
3.3050999999999995 -2.5627 -2.4101
3.3050999999999995 -2.5627 -2.3376
4.0283 -2.1289 -4.1451
2.0763 0.32980000000000004 -2.3376
3.5227 -1.55 -3.9285
3.5227 -1.55 -3.5669
-0.5989 5.5353 0.48190000000000005
-1.1772 4.8845 -4.3626
-1.1772 3.8004000000000002 -8.3384
-1.1772 3.8004000000000002 -8.1212
-1.1772 5.246300000000001 -4.3626
-1.1772 4.1619 -8.3384
-1.1772 4.8125 -4.3626
-1.1772 3.8003 -8.3384
-1.1772 5.2462 -4.5798
7.353999999999999 3.6554999999999995 -2.4101
7.353999999999999 5.5357 -1.3976
-3.8524000000000003 0.6913 -4.3628
8.0772 5.1019000000000005 1.7833999999999999
8.0772 1.197 -3.1333
-3.1292 -2.4179 -10.1464
-3.1292 -0.2486 -4.4350000000000005
-3.1292 -0.2486 -4.3625
-3.1292 -2.0557 -7.2543
-3.1292 -2.0562 -7.2543
8.8004 4.016900000000001 -0.3856
8.8004 1.1972 2.434
8.8004 3.4389999999999996 1.7833999999999999
5.402 3.5827999999999998 -4.4349
5.402 1.9212 -4.3622000000000005
6.848400000000001 2.7157 3.5185
6.848400000000001 5.8968 -0.1687
6.848400000000001 5.8968 1.7833999999999999
6.848400000000001 -2.4899999999999998 3.9523
6.848400000000001 -2.4899999999999998 3.6630999999999996
6.848400000000001 6.2583 1.7833999999999999
6.848400000000001 6.3308 0.4097
6.848400000000001 1.9927000000000001 3.9523
3.45 0.3297 -3.5666999999999995
0.05159999999999999 5.5355 0.5543
0.7747999999999999 4.3787 2.5063999999999997
0.7747999999999999 -2.8516 -6.5316
2.2212 4.0172 -7.3986
2.2212 5.246300000000001 -4.3622000000000005
2.2212 5.6078 -4.3622000000000005
2.2212 4.0168 -7.6154
2.2212 3.4385 -8.049299999999999
2.2212 3.4385 -7.8322
2.2212 4.1617 3.3742
2.2212 4.3066 -5.9526
2.2212 3.9447 -6.7478
0.9197000000000001 2.2825 1.2772999999999999
0.9197000000000001 1.4866000000000001 1.2772999999999999
0.9197000000000001 5.7524 2.0006
0.9197000000000001 4.595599999999999 2.5785
0.9197000000000001 0.11280000000000001 -3.3495999999999997
0.9197000000000001 2.6439 2.1448
0.9197000000000001 3.8722 2.5785
0.9197000000000001 -0.6101 -3.5666999999999995
0.9197000000000001 4.5957 2.5786
1.6429 -2.5627 -2.4101
-2.4787 -1.4057 -4.3625
9.450899999999999 -6.755800000000001 -0.5303
9.450899999999999 -6.755800000000001 0.8435
9.450899999999999 -2.4899999999999998 -0.5303
-3.7074999999999996 0.3297 -3.9279
8.222100000000001 -4.8028 -0.5303
8.222100000000001 5.0289 1.5664
8.222100000000001 -2.4899999999999998 2.6508
8.222100000000001 -2.5625999999999998 -0.5303
4.8237000000000005 -1.55 -4.217499999999999
4.8237000000000005 -1.55 -4.0006
4.8237000000000005 0.6910999999999999 -3.9285
4.8237000000000005 0.9082 -4.0006
4.8237000000000005 1.6312 -4.3622000000000005
2.1485 5.6802 -4.3622000000000005
2.1485 4.0173 -6.6031
2.1485 -3.6468 -10.145999999999999
2.1485 3.4388 -8.0496
2.1485 6.7645 -1.1085
2.1485 -3.7192000000000003 -8.3391
2.8717 4.885 3.5184
2.8717 5.6077 3.3018
2.8717 5.7524 2.7958
2.8717 5.7524 2.7231
2.8717 4.5957 3.2295
2.8717 4.5957 3.5908
3.5949 4.8125 -4.2174000000000005
4.318099999999999 4.7394 -4.3622000000000005
4.318099999999999 4.1611 -5.0853
4.318099999999999 0.6194 -4.3622000000000005
-1.105 3.5109000000000004 0.9880999999999999
1.0646 -4.2979 -0.9643
1.0646 -2.5627 -0.8918
7.4262 5.8968 -0.1687
8.1494 4.0168 -1.9761000000000002
-2.3338 2.5711 -1.2533
-2.3338 1.1972 -1.5428000000000002
-2.3338 4.3061 -1.1809
-2.3338 -1.1162 -3.9281
5.4742 2.3547 -4.4349
5.4742 3.2936 -4.3622000000000005
6.9206 5.1019000000000005 -2.4101
7.643800000000001 -6.755800000000001 3.5908
4.9686 6.0416 -2.4827
5.691800000000001 -2.5628 -4.2899
2.2934 -3.6467 -10.145999999999999
5.1135 2.3542 -4.2174000000000005
0.2687 6.2585 -2.4103
0.2687 2.6437 0.8437
0.9919000000000001 -2.5623 -0.747
0.9919000000000001 -2.5623 0.7711
0.9919000000000001 -6.7553 0.4095
0.9919000000000001 -6.7553 -0.3856
0.9919000000000001 -2.5627 0.7711
0.9919000000000001 2.1372999999999998 1.2772999999999999
0.9919000000000001 -2.6353 -0.747
1.7151 -6.7553 -2.4101
1.7151 -3.5742999999999996 -10.145999999999999
2.4383 -2.4181 2.7956000000000003
-2.4065 2.5711 -1.2533
-2.4065 2.5711 -1.3981000000000001
-3.6353000000000004 -1.7669000000000001 -6.530900000000001
-3.6353000000000004 -2.0556 -7.470899999999999
-3.6353000000000004 2.3546 -7.3263
-3.6353000000000004 2.2822 -7.3263
-3.6353000000000004 2.2822 -4.3625
8.2943 4.9567 -0.3856
8.2943 -6.755800000000001 -0.5303
8.2943 5.1019000000000005 0.5543
8.2943 1.1974 -2.4101
8.2943 5.0295 0.5543
1.4975 -3.6468 -10.145999999999999
1.6424 -2.5623 -2.4101
1.6424 0.32980000000000004 -2.4101
2.3656 -0.8992 2.7231
2.3656 -2.4177 2.7231
3.0888 5.5357 -4.2174000000000005
-0.3096 5.6078 -4.4350000000000005
1.1368 -6.7553 -0.8918
1.1368 -6.7553 -1.3256999999999999
1.1368 -2.5627 -1.3981000000000001
7.498399999999999 3.8003 -2.844
8.9448 -2.6349 -2.2653
8.9448 -2.4899999999999998 1.4219000000000002
-2.2616 1.2697999999999998 -1.3978000000000002
-1.5384 5.3185 -1.3256999999999999
-1.5384 -1.6941000000000002 -4.2894000000000005
3.5944 2.788 4.024500000000001
4.3176 0.9808000000000001 -7.6152
4.3176 0.9808000000000001 -4.3628
4.3176 2.2819 -6.6766000000000005
3.0161000000000002 6.0416 -2.4101
3.0161000000000002 6.186 -2.9884999999999997
3.0161000000000002 5.1017 -4.2174000000000005
3.0161000000000002 5.4632 -4.3622000000000005
3.7393 6.9092 1.7836999999999998
3.7393 3.5108 4.0247
3.7393 1.9929999999999999 3.7356
3.7393 2.3545 -8.0498
3.7393 -1.0431 4.0969999999999995
3.7393 4.595599999999999 3.8802000000000003
3.7393 4.595599999999999 3.5187000000000004
3.7393 2.2819 -8.0498
3.7393 -2.4177 3.7355
3.7393 1.9927000000000001 4.0247
3.7393 1.9927000000000001 3.7355
2.5105 4.0172 -6.2418000000000005
-0.8879 4.3787 0.5543
-0.8879 2.5711 0.1207
7.6433 5.2463999999999995 2.5066
-3.5631000000000004 0.6913 -4.3628
9.0897 -2.4899999999999998 -0.5303
4.968100000000001 6.2585 -0.8916999999999999
4.968100000000001 6.619800000000001 -1.0364
7.1377 6.186 1.711
7.1377 6.2583 0.7712
7.1377 1.6303999999999998 3.88
5.113 6.9092 0.9880999999999999
5.113 5.6077 3.6630999999999996
5.113 5.7526 3.157
5.113 5.7526 3.5186
5.113 4.9567 3.5187999999999997
5.113 5.6799 3.1572000000000005
5.113 -6.755800000000001 4.2415
5.113 -6.755800000000001 3.085
5.113 2.7157 3.9523999999999995
5.113 2.7157 4.2415
5.113 6.8368 1.7833999999999999
5.113 3.656 4.1692
5.113 5.7524 3.5186
5.113 2.716 3.9523
5.113 2.716 4.2416
5.113 -2.4899999999999998 4.0247
5.113 -2.4899999999999998 4.314
5.113 5.8249 3.5183
5.113 5.8249 3.5186
5.113 6.547600000000001 1.7833999999999999
5.113 6.8369 1.7836
5.113 4.6681 3.5908
5.113 6.7645 -0.1687
5.113 6.7645 2.289
5.113 -2.5625999999999998 3.085
5.113 1.5585 4.314
5.113 6.4028 3.0123
5.113 5.174 3.4461
5.113 5.174 3.7355
5.113 5.174 3.8077
5.113 4.5957 3.9522000000000004
5.113 6.547699999999999 1.7836
5.113 6.6198999999999995 0.9880999999999999
5.8362 -6.755800000000001 4.2415
5.8362 6.6922 -0.0241
2.4378 6.475300000000001 0.9880999999999999
2.4378 6.8368 0.9880999999999999
-0.23739999999999997 4.3064 -10.0014
1.209 4.3065 -7.9767
-2.1894 4.3789 -1.2533
-2.1894 4.3789 -1.0363
-2.1894 -2.273 -5.3026
-2.1894 -1.9120000000000001 -4.7964
-2.1894 -1.0439 -4.4350000000000005
-2.1894 3.7276999999999996 -10.146099999999999
-2.1894 4.668 -3.5664000000000002
-2.1894 -2.9956 -7.2543
-2.1894 -1.0441 -4.3625
-2.1894 -2.9236 -7.2543
-2.1894 -3.3575 -7.109400000000001
-2.1894 4.7403 -1.9042
-4.1414 1.2696 -8.1213
3.6666 4.450699999999999 3.88
3.6666 4.595599999999999 3.4462
3.0883000000000003 5.8249 3.2294000000000005
5.2579 6.2583 -1.9039000000000001
5.2579 6.547600000000001 -1.1813
1.8595000000000002 1.0528 2.7956000000000003
-0.8157 -3.8638 -8.1219
-0.8157 -3.0686 -6.5316
-0.8157 -3.4298 -6.3864
-0.8157 -3.3576 -6.3142000000000005
-0.8157 -3.8636999999999997 -7.2543
-0.8157 -3.7914999999999996 -8.556
-0.8157 -3.7914999999999996 -10.145999999999999
-0.8157 -2.9234 -6.3142000000000005
-0.8157 -4.1527 -8.1219
-0.8157 -4.1527 -7.976999999999999
-0.8157 -3.4299999999999997 -6.386699999999999
-0.8157 -1.4058 -4.4348
-0.8157 -3.7912 -8.0496
-0.8157 -4.225099999999999 -10.145999999999999
-0.8157 -4.225099999999999 -8.2668
-0.8157 -1.4055 -4.4350000000000005
-0.8157 -1.8394000000000001 -4.3622000000000005
-0.8157 -1.8394000000000001 -4.3625
-0.8157 -3.5020999999999995 -7.2543
-3.4909000000000003 -2.5621 -8.194700000000001
8.4387 2.716 2.6509
-2.7677 1.2697999999999998 -2.4101
-2.7677 -0.6822 -4.3622000000000005
-2.7677 2.5711 -1.3251000000000002
-2.7677 1.4144999999999999 -1.7592
-2.7677 0.8357 -2.2656
-2.7677 1.2697 -2.4829
-2.7677 -2.5621 -6.2418000000000005
-2.7677 -1.1162 -4.2171
7.3548 4.7399 3.157
1.7868 3.9447 -10.146099999999999
3.2332 0.1846 -4.7962
3.2332 -2.7069 -8.3384
3.2332 -0.0322 -4.3626
3.2332 -2.7066 -8.1219
3.2332 -0.1046 -4.3622000000000005
3.2332 3.0775 -8.049299999999999
3.2332 0.2569 -4.7966
3.2332 -0.9716 -6.0975
3.2332 -2.7792 -10.1464
3.2332 -2.2728 -8.3388
3.2332 -2.2728 -10.1464
3.2332 -2.2006 -8.266
3.2332 -1.4774 -6.097
3.2332 -1.5500999999999998 -6.0975
0.5579999999999999 1.1253000000000002 -1.5425
1.2812000000000001 -2.9236 -6.0975
1.2812000000000001 3.7276 2.7956000000000003
-2.8404 2.5711 -1.3979
-2.8404 -0.8989 -4.0001
-2.8404 0.6914 -2.4105000000000003
9.0892 2.8609 -0.8918
-2.1172 2.5711 -0.38570000000000004
-2.1172 4.6678999999999995 -4.4351
-4.0691999999999995 -0.1041 -5.6643
-4.0691999999999995 0.6913 -5.3027999999999995
6.5588999999999995 -6.755800000000001 4.0968
6.5588999999999995 6.547600000000001 0.5543
6.5588999999999995 2.3533 -3.4945999999999997
6.5588999999999995 2.3533 -3.8562
6.5588999999999995 -2.1999 -3.7838999999999996
6.5588999999999995 -2.1999 -4.0729
6.5588999999999995 1.2692 -4.0006
3.8837 1.9203999999999999 -10.145800000000001
6.053299999999999 -6.7553 -4.2174000000000005
6.053299999999999 2.716 4.1692
8.510900000000001 4.016900000000001 2.0726999999999998
8.510900000000001 2.716 1.7833999999999999
8.510900000000001 1.4136 -2.6271
-2.6955 2.5711 -1.2533
9.234100000000002 -6.755800000000001 1.4219000000000002
9.234100000000002 2.7157 0.6262
-1.9723000000000002 -3.5023 -10.1464
-1.9723000000000002 -3.5023 -7.2543
-1.9723000000000002 -3.8635 -10.1464
-1.9723000000000002 -3.7913 -8.0498
-1.9723000000000002 -3.1408 -7.4714
7.2094000000000005 -2.2739 -3.8559
7.2094000000000005 3.8003 -3.0610999999999997
7.2094000000000005 3.8003 -2.4827
-3.997 -0.8266000000000001 -6.1705000000000005
7.932599999999999 2.7157 2.7234000000000003
-3.2738000000000005 2.933 -7.3263
-3.2738000000000005 3.2945 -4.6518
-3.2738000000000005 2.2822 -7.3263
8.6558 2.7157 1.4944000000000002
8.6558 1.1974 -2.4101
8.6558 -2.4899999999999998 2.6508
8.6558 4.2339 1.494
2.5822000000000003 5.7524 3.0846
2.7998 -2.4181 3.5908
-1.3218 5.5354 -2.3379
9.3063 -2.4899999999999998 1.4945
5.9079 5.463500000000001 -2.844
-3.8521 1.0527 -4.0724
-3.8521 1.6313000000000002 -4.3618999999999994
3.9558999999999997 6.3307 -2.3376
3.4503 5.3187 -4.3622000000000005
-0.6713 5.5353 -1.2533
-0.6713 5.463 -1.2533
0.0519 2.0649 0.7708999999999999
8.5831 -1.4773 -2.6993
-2.6233 3.7279 -4.3622000000000005
-2.6233 3.5832 -4.3622000000000005
0.9199999999999999 6.330900000000001 0.9880999999999999
0.9199999999999999 5.7526 1.9282000000000001
0.9199999999999999 5.8972 0.9880999999999999
8.0048 2.0645000000000002 -2.4101
-3.2016000000000004 -2.5623 -7.2543
-3.2016000000000004 -2.3452 -10.1464
-3.2016000000000004 -2.0559000000000003 -7.6884999999999994
-3.2016000000000004 -0.1766 -4.4350000000000005
-3.2016000000000004 -0.9717 -4.5072
-3.2016000000000004 -2.4899999999999998 -7.470899999999999
-3.2016000000000004 -1.6220999999999999 -5.447
-3.2016000000000004 -1.9833 -7.470899999999999
-3.2016000000000004 -2.7792 -8.0496
-3.2016000000000004 -2.7792 -7.8332
-3.2016000000000004 -2.7792 -10.1464
-3.2016000000000004 -2.5621 -7.181500000000001
-3.2016000000000004 -0.2486 -4.4350000000000005
-3.2016000000000004 -2.0557 -6.0249
-3.2016000000000004 -2.8516 -10.1464
-3.2016000000000004 -2.0562 -7.399
6.0527999999999995 -2.1999 -4.217499999999999
3.3776 2.7159 -10.146099999999999
0.7024 6.4030000000000005 0.3374
1.4256 -2.5623 -0.8918
1.4256 -2.5623 1.2772999999999999
1.4256 -1.0437 -0.8918
1.4256 0.6906 1.2772999999999999
-1.2496 4.1621 -8.3384
-1.2496 -3.4298 -6.458600000000001
-1.2496 5.1739 -4.7242
-2.5511 3.7279 -1.2533
9.378499999999999 -2.4899999999999998 -1.2534
-1.8279 4.3783 -1.1809
-1.1047 4.8121 -4.5798
-1.1047 4.1619 -6.8201
-1.1047 4.1617 -10.1464
-1.1047 4.8849 0.6267
-3.7799 0.040499999999999994 -4.3628
-3.7799 0.6913 -5.881
-3.7799 -1.1162999999999998 -10.1464
-3.7799 -0.827 -7.6160000000000005
-3.7799 2.2095 -4.724600000000001
8.1497 5.0294 -0.1687
8.1497 5.0289 1.7833999999999999
8.8729 2.7157 -0.5303
8.8729 2.4263 -0.5303
4.7513 0.6910999999999999 -4.3622000000000005
6.9209000000000005 2.7157 3.88
6.9209000000000005 -2.4899999999999998 3.5908
2.0761000000000003 5.8249 2.7955
0.12409999999999999 -2.2729 -4.8685
0.8472999999999999 4.2339 -10.146099999999999
-1.1774 -2.7064 -5.374700000000001
-0.4542 5.6079 -1.2533
0.9922 5.7526 1.2775
0.9922 5.6799 1.4221
0.9922 5.7524 1.4221
0.9922 4.5957 2.145
8.077 3.7282 2.8678
8.077 5.0292 2.0004999999999997
8.8002 -5.8158 2.4345
8.8002 -2.4899999999999998 -2.4101
8.8002 -6.2493 -2.4101
9.5234 -2.4899999999999998 0.6262
9.5234 -2.4899999999999998 -0.4578
7.571400000000001 2.7157 3.5185
7.571400000000001 -2.4899999999999998 3.6630999999999996
3.4498 -6.755800000000001 -2.4103
4.173 0.9808000000000001 -10.1464
4.173 1.1252 -10.1464
2.221 3.3664 -8.0498
2.221 3.3667000000000002 -10.146099999999999
2.221 3.8004000000000002 -8.0498
2.221 3.6558 -10.146099999999999
2.221 3.2941 -10.146099999999999
2.9442 -0.1758 -4.3622000000000005
2.9442 -0.1758 -4.2898
2.9442 0.6189 -3.9285
2.9442 0.6189 -3.5669
1.6427 -1.7663000000000002 -4.8685
1.6427 5.1018 2.94
2.3659 5.6078 -4.4350000000000005
2.3659 1.5585 2.7956000000000003
9.4507 -6.755800000000001 -0.5303
9.4507 -6.755800000000001 -0.8194999999999999
9.4507 -2.4899999999999998 -0.5303
-1.7557 4.4509 -4.3622000000000005
7.4986999999999995 5.8249 1.9282000000000001
7.4986999999999995 4.2337 3.1571000000000002
-3.7077 2.3546 -6.2418000000000005
-3.7077 2.2819 -4.3628
6.993099999999999 -2.4899999999999998 3.9523999999999995
6.993099999999999 -2.4899999999999998 3.9523
2.8715 -1.6217 -5.6633000000000004
4.3179 1.9929999999999999 4.2416
3.7396 6.7645 -1.0364
0.3412 -1.6944000000000001 -4.2894000000000005
1.0644 5.6077 2.2897
1.0644 4.2343 -8.0496
1.0644 1.0528 1.4944000000000002
1.0644 4.4512 -6.4587
1.0644 5.752199999999999 -4.4351
1.0644 3.9451 -7.8323
1.0644 4.595599999999999 2.217
1.7875999999999999 -6.755800000000001 -2.4103
8.872399999999999 -2.4899999999999998 2.3619000000000003
4.2452 1.1976 -4.4353
4.2452 2.2819 -5.8092999999999995
4.9684 4.2333 -4.5071
0.8468 -4.225099999999999 -8.411399999999999
2.2932 -6.7553 -0.8918
2.2932 -2.5627 -0.8918
1.7149 -1.55 -2.4825
1.7149 -1.55 -2.4103
1.7149 0.6913 -2.4103
1.7149 0.3297 -3.5666999999999995
1.7149 -0.1764 -3.5666999999999995
2.4381 -0.8984000000000001 2.7956000000000003
2.4381 -2.5629 1.2772999999999999
2.4381 3.7278 -8.049299999999999
2.4381 -2.4177 2.7956000000000003
2.4381 3.9447 -6.458800000000001
-1.6835 1.2697999999999998 -1.1088
-1.6835 4.5955 -1.2533
-1.6835 1.1972 -1.1809999999999998
-1.6835 -1.1162 -4.3622000000000005
-1.6835 2.2817 -0.0965
8.2941 4.7399 1.7833999999999999
2.9437 6.3308 -2.6272
3.6669 -2.2006 -8.049199999999999
0.919 -4.1528 -8.1219
0.919 -4.225099999999999 -10.145999999999999
2.3654 -2.5627 -0.9643
3.8118 1.9929999999999999 3.7356
3.8118 1.9929999999999999 4.0969
5.2581999999999995 3.8003 -3.9282999999999997
0.4134 5.752199999999999 1.5664999999999998
1.1365999999999998 -2.5623 -1.3981000000000001
1.1365999999999998 0.9081 1.6389
1.1365999999999998 0.32980000000000004 -1.4702
1.1365999999999998 5.752199999999999 -4.3626
1.1365999999999998 5.3183 -4.4351
1.1365999999999998 0.9804 -0.8918
1.1365999999999998 -2.4177 1.2772999999999999
-2.2618 -0.9717 -4.4350000000000005
-2.2618 -3.3576 -7.181500000000001
-1.5386 2.5711 -0.3852
-4.2138 -0.9714999999999999 -10.1452
-4.2138 0.7636999999999999 -7.6877
-4.2138 0.9808000000000001 -10.1464
-4.2138 0.6913 -10.1452
-4.2138 0.6913 -10.1464
-3.4906 -0.46509999999999996 -4.2894000000000005
4.3174 -2.4178 -4.217499999999999
3.0159 6.9092 0.9880999999999999
3.0159 6.330900000000001 2.7955
3.7391 3.2939999999999996 4.024500000000001
3.7391 4.595599999999999 3.8077
3.7391 2.4268 -8.049299999999999
3.7391 -2.4177 4.024500000000001
3.7391 -2.4177 3.6630999999999996
1.7871000000000001 -2.3453 2.6509
3.2335000000000003 6.4030000000000005 2.7952999999999997
-1.6113 4.2338000000000005 0.3374
-0.8881 5.5353 -0.0243
-2.8401 3.9447 -4.3625
9.089500000000001 -6.755800000000001 1.928
9.089500000000001 1.1974 -0.5303
9.089500000000001 -2.4899999999999998 -0.5303
9.089500000000001 0.3297 -1.8316
-2.1169000000000002 -2.9236 -7.181500000000001
5.6911000000000005 5.8246 -2.4827
5.1128 6.0416 -2.4101
5.1128 6.475300000000001 -1.4703000000000002
5.1128 1.9929999999999999 4.2416
5.1128 4.4506 3.6634
5.1128 5.608 -2.4101
5.1128 6.2585 -1.0364
5.1128 6.5478 0.8432000000000001
5.1128 2.0653 3.9523999999999995
5.1128 6.9091 0.9880999999999999
5.1128 3.0051 4.2416
5.1128 6.1862 -1.1088
5.1128 -2.4177 4.313899999999999
5.1128 -2.4177 4.0247
5.1128 4.523 4.0247
5.1128 1.9927000000000001 4.0247
5.1128 1.9927000000000001 4.2416
5.836 5.8248 -2.4101
7.2824 -1.6939 -3.7836000000000003
3.884 -1.8391000000000002 -8.1213
3.884 0.9804999999999999 -10.1464
3.884 -1.9115 -10.1464
1.2087999999999999 -6.755800000000001 1.2772999999999999
1.2087999999999999 -6.538399999999999 1.4944000000000002
7.0648 6.186 1.856
-3.4184 2.6436 -10.146099999999999
8.511199999999999 -2.4899999999999998 2.7234000000000003
8.511199999999999 1.4143 2.7957
3.8113 -2.4181 4.0968
1.8592999999999997 1.0528 2.7956000000000003
1.8592999999999997 4.595599999999999 2.7231
1.8592999999999997 4.595599999999999 2.7956000000000003
3.3057000000000003 2.1371 -10.145800000000001
3.3057000000000003 2.2819 -8.193200000000001
3.3057000000000003 2.2095 -8.193200000000001
-0.8159 -4.2252 -8.3394
-0.8159 -4.2252 -10.1464
-0.8159 -3.7190000000000003 -10.1464
-0.8159 -3.5746 -7.2543
-0.0927 5.6078 -4.5798
8.4385 2.3533 -2.4101
8.4385 -2.1999 -2.4101
-2.7679 -0.6094999999999999 -4.3616
-2.7679 1.6313000000000002 -1.6874
-2.7679 2.5711 -1.2533
-2.7679 2.5711 -2.0492
-2.7679 2.5711 -1.3979
-2.7679 -1.1162 -4.3616
9.1617 2.7157 -0.3856
9.1617 3.0776000000000003 -0.0963
6.4865 4.885 -2.9884999999999997
6.4865 4.8125 -2.4101
7.3546 -0.5373 3.8077
3.2329999999999997 3.2939999999999996 3.88
3.2329999999999997 -2.7793 -8.1219
3.2329999999999997 -2.2731000000000003 -8.1219
3.2329999999999997 -2.8516 -10.145999999999999
5.4026 3.8003 -4.3622000000000005
1.281 1.5586 1.2049
1.281 0.6906 -0.8918
2.7274 -1.55 -3.4944
7.1370000000000005 3.5108 -3.2779999999999996
7.1370000000000005 2.3542 -3.5665000000000004
7.860200000000001 -6.7553 -3.4221000000000004
7.860200000000001 -2.2008 -3.4221000000000004
7.860200000000001 -2.1999 -3.4221000000000004
-3.3462 2.2822 -4.3625
6.558700000000001 4.8125 -2.4101
6.558700000000001 4.2337 3.8077
-3.9245 0.6913 -10.1464
-3.9245 1.8481999999999998 -10.1464
8.0051 -6.755800000000001 1.2047999999999999
8.0051 -6.755800000000001 1.4219000000000002
8.0051 2.7157 2.6508
8.0051 2.2816 2.6508
8.0051 2.2816 2.7233
8.0051 -2.5625999999999998 1.4219000000000002
8.7283 2.7157 1.4219000000000002
8.7283 2.6433999999999997 1.2047999999999999
6.7763 2.3533 -3.7836000000000003
1.2083 -3.6468 -8.1219
4.8243 3.8003 -4.3622000000000005
0.7027 -1.1165 -4.3622000000000005
0.7027 -1.1165 -4.4348
-1.9725 3.8726 -8.3388
-1.9725 -3.4298 -10.1464
-1.9725 -3.0683 -7.2543
-1.9725 -3.7914000000000003 -8.194700000000001
-1.9725 -3.7914000000000003 -10.1464
-1.2493 4.8849 0.4095
7.9324 2.7157 -2.4101
7.9324 2.7157 -2.2651999999999997
-3.274 -0.7551 -4.3628
-3.274 -2.2007 -6.458500000000001
-3.274 2.2819 -8.1938
-3.274 -2.7792 -10.1464
-3.274 -2.5621 -7.4712
-3.274 2.2095 -10.1464
9.3788 1.1974 -0.5303
9.3788 -2.6349 1.2772000000000001
-1.8276000000000001 4.3789 -1.2533
5.9804 2.3533 -3.7116000000000002
4.0284 0.9808000000000001 -4.6527
4.0284 5.7524 3.5186
6.198 6.619800000000001 1.7836
2.0764 -3.6466 -7.977099999999999
3.5228 6.3308 -2.4101
-0.5988 5.5355 -1.2533
-0.5988 5.4631 -4.3622000000000005
-0.5988 5.6802 0.265
-0.5988 5.1741 -4.3622000000000005
-0.5988 5.5354 -1.2533
-0.5988 5.8969000000000005 -1.2533
-0.5988 5.8969000000000005 -2.6994000000000002
-0.5988 5.6079 -1.2533
-0.5988 5.6800999999999995 -3.8558000000000003
-0.5988 5.174 -4.3622000000000005
-3.8523 -1.1159000000000001 -6.3874
-3.8523 -0.5381 -5.158
-3.8523 -1.9837 -8.2667
-3.8523 -1.9837 -10.1464
-3.8523 -0.7551 -7.470899999999999
-3.8523 0.6913 -4.5068
-3.8523 0.6913 -5.881
-3.8523 0.6913 -7.470400000000001
-3.8523 0.6913 -4.3628
-3.8523 -1.1162999999999998 -10.1464
-3.8523 -0.8992 -10.1452
-3.8523 -0.827 -7.4712
-3.8523 -1.8392 -10.1452
-3.8523 -1.6220999999999999 -7.3260000000000005
-3.8523 -1.6948 -7.4712
-3.8523 -0.1764 -5.0135
6.8485000000000005 -6.755800000000001 3.9523999999999995
6.8485000000000005 -6.755800000000001 2.5789
6.8485000000000005 -2.4899999999999998 3.9523999999999995
6.8485000000000005 -2.5625999999999998 2.5789
2.7269 -3.3574 -8.483699999999999
2.7269 -1.55 -3.4944999999999995
3.4500999999999995 0.5466000000000001 -4.3626
4.8965000000000005 -6.7553 -4.2899
5.6197 2.4266 -4.3622000000000005
0.7749 6.2585 -2.9161
1.4981 -1.9115 1.2772999999999999
1.4981 -2.4177 1.3497999999999999
-2.6235 4.0892 -5.0855
-2.6235 3.6553000000000004 -7.253800000000001
0.9198 6.0416 -2.4101
0.9198 5.7524 -4.3622000000000005
0.9198 6.2583 -2.9884999999999997
0.9198 -0.1767 -3.6394999999999995
0.9198 -0.1767 -3.5669
0.9198 5.3911 -4.3622000000000005
0.9198 5.3911 -4.2896
8.7278 4.1613 -0.38570000000000004
8.7278 2.7157 -1.8315000000000001
9.451 1.0525 0.5542
9.451 1.2696 -0.2409
9.451 -2.4899999999999998 -0.5303
6.7758 6.331 -0.1687
3.3773999999999997 -6.7553 -2.3376
3.3773999999999997 -5.7433 -2.4101
3.3773999999999997 -2.5625 -2.4103
3.3773999999999997 -1.1161 3.9523
4.1006 4.0172 -4.7242
4.1006 3.9447 -4.7967
4.8238 -6.755800000000001 -4.217499999999999
4.8238 -6.755800000000001 -3.061
4.8238 0.6910000000000001 -3.9284
4.8238 -2.5625 -3.061
4.8238 -1.55 -4.217499999999999
4.8238 -1.55 -4.0006
4.8238 1.7752000000000001 -4.3621
4.8238 -2.1999 -4.217499999999999
4.8238 -2.1999 -4.0006
4.8238 0.8354999999999999 -4.3621
4.8238 -0.9712999999999999 -3.9284
5.547 2.3533 -4.3621
6.993399999999999 5.0287 -2.4101
2.1486 3.3667000000000002 -8.1222
0.1966 3.8004000000000002 -8.5558
0.1966 2.5711 1.3495
-1.1049 5.5355 -1.2533
-1.1049 5.5355 -0.964
-0.3817 5.462899999999999 0.9882
6.703099999999999 4.5955 -3.0610999999999997
-3.0568999999999997 3.6554999999999995 -4.3622000000000005
6.9207 -6.755800000000001 3.9523999999999995
6.9207 6.2583 -0.1687
2.7990999999999997 4.885 3.5184
2.7990999999999997 4.5957 3.1569
4.9687 -2.2008 -4.2899
0.8471 4.3783 2.5063999999999997
0.8471 3.222 2.3614
0.8471 2.6437 2.0723
1.5703000000000003 1.0528 2.434
2.2935 3.6554999999999995 -10.146099999999999
2.2935 3.8003 -8.0498
