1312
8.704 1.5829 3.2917
8.704 -1.7572 3.6191
8.9664 -1.6261 3.5534000000000003
7.0016 -0.84 3.9465
3.9232000000000005 3.3513 -1.0307
3.9232000000000005 1.2556 0.9339999999999999
-2.2336 2.8926 4.0120000000000005
-2.2336 0.208 5.5838
-2.2336 -0.1854 5.5839
11.1273 3.4824 -1.4895
11.1273 6.888 -1.4895
11.1273 3.4168 0.3444
10.276100000000001 -2.6086 2.5057
10.276100000000001 -2.8706 2.2439
7.1977 -3.0017 -3.3888000000000003
7.1977 -3.1327000000000003 -3.2576
6.346499999999999 1.2558 3.2262
6.346499999999999 -2.0192 -3.5852000000000004
6.346499999999999 0.0107 4.1429
5.2329 3.4824 3.0293
5.2329 -1.3643 -2.9957000000000003
0.4521 0.27330000000000004 5.8457
-1.5127 1.9758999999999998 4.9289
-1.5127 1.9758999999999998 5.2564
-1.5127 2.5655 4.9943
-1.5127 3.2201 3.9465
-1.5127 3.0890999999999997 4.4052
-2.6263 -2.0848 4.0120000000000005
-2.6263 -1.9539 4.9289
-2.6263 -1.2335 4.9289
-2.6263 -2.5429 4.0776
-2.6263 -2.5429 4.0120000000000005
-3.4775 -1.6261999999999999 -0.24450000000000002
-3.4775 -1.0371 4.4705
10.472199999999999 -1.7572 2.5059
10.7346 -1.9526999999999999 -1.3584
10.7346 -2.0192 -1.4895
5.9538 -1.7572999999999999 3.488
5.9538 -3.0672 -2.9302
4.8402 -3.3945000000000003 0.14809999999999998
4.8402 -2.9362 2.6364
1.4994 3.0236 4.4052
-1.0542 0.6661 5.7802
-2.1677999999999997 2.8273 4.3396
-2.1677999999999997 2.4343 4.8633999999999995
-3.019 2.1725000000000003 4.0120000000000005
-3.019 2.3692 0.6726
10.9307 -3.0673 -0.5069
10.0795 -1.6260000000000001 -2.9303
10.0795 3.4168 -2.9303
7.0011 3.7442999999999995 -3.7817000000000003
7.2635000000000005 3.4824 3.8153
7.2635000000000005 3.4824 2.7022999999999997
7.2635000000000005 6.888 3.7499
7.2635000000000005 6.888 2.7022999999999997
7.2635000000000005 3.4168 3.7499
7.2635000000000005 3.4168 3.4879000000000002
5.0363 -2.4775 -2.6683
5.0363 -3.4601 -0.9001
1.9579 0.7317 5.5182
-2.5604999999999998 1.8446 5.0601
-3.6741 -0.5132 4.0776
-3.6741 -0.5132 4.0120000000000005
-3.6741 0.4041 4.0120000000000005
9.161999999999999 -3.3945000000000003 2.3094
9.424399999999999 -2.6086 2.7022
9.424399999999999 -2.6086 3.1607999999999996
9.424399999999999 -2.085 -3.3230000000000004
9.424399999999999 -2.0192 -2.8647
9.424399999999999 -2.4776 2.7022
9.424399999999999 -3.0669 -1.9479
5.4948 -2.4124 3.6843
4.6436 -2.5431 -1.2927
4.6436 6.888 2.4400999999999997
4.6436 -3.3291 0.14809999999999998
4.6436 -2.6742 -1.424
3.53 1.583 -0.5725
3.53 -2.6087 1.3924
-1.2508 3.6132 2.6364
10.9965 -2.9363 0.6063
10.9965 -2.8706 0.6063
8.7693 -3.5909999999999997 -0.7037
8.7693 -3.2634999999999996 2.8988
6.2157 -2.5431 2.9641
4.2509 -3.0017 -0.7040000000000001
4.2509 -2.6742 -1.2933999999999999
-0.7923 -0.1854 5.845899999999999
-2.7571 -1.8884 4.0120000000000005
-2.7571 -2.6742 -0.4411
7.263 3.4824 2.7024
7.263 6.888 3.7499
7.263 6.888 2.7024
7.263 3.4168 3.7499
6.4117999999999995 -1.6916 3.4227
1.6310000000000002 -3.4598999999999998 -0.4416
0.5174 3.6132 3.6844
-3.4122 -0.1853 4.0120000000000005
-3.4122 -0.1853 -0.4411
-3.4122 0.4041 4.0120000000000005
-3.4122 0.4041 -0.4411
10.7999 0.3396 -1.4895
10.7999 3.4168 -1.4896
7.721500000000001 -3.2634999999999996 -3.1266000000000003
6.8703 0.5353 4.0119
6.8703 3.0233 3.4227
7.1327 -3.5255 2.309
5.7567 3.3513 -3.3230999999999997
5.7567 -1.1023 3.7500999999999998
5.7567 1.2555 3.2914
5.7567 -2.3464 3.2262
5.7567 1.8451 3.4881
5.7567 -2.281 3.2262
6.0191 1.2558 3.0953
6.0191 3.4168 -3.4541000000000004
4.9055 -2.9362 -2.144
4.0543000000000005 3.3516 0.1479
-0.1377 1.7138 5.6493
-0.9889 -0.1854 5.2565
-2.9537 2.4346 -0.4411
11.2584 6.888 1.1307
11.2584 -1.8878 -1.0963
10.1448 2.3684 2.8331
10.1448 -1.7572 2.8331
6.4776 -0.1191 -3.6506999999999996
5.364 5.9707 -3.1266000000000003
4.5128 -2.0845 -2.2102
4.5128 0.4041 -2.2756
3.3992 -0.11969999999999999 -0.4414
3.3992 1.583 2.5057
2.2856 -0.7095 5.3872
-1.644 -3.1323 4.2087
10.6033 6.888 -2.4066
10.6033 -3.0017 -1.6196
10.6033 3.5479 -2.4066
8.6385 3.4824 2.4402
7.7873 -2.5431 3.6191
7.7873 -2.6086 3.2914
7.7873 -1.7572999999999999 3.7500999999999998
5.8225 -3.329 2.3094
5.8225 -3.329 2.309
5.8225 -3.329 2.3748
5.8225 3.4824 1.9817
5.8225 3.4824 -2.0136000000000003
5.8225 3.4824 2.0474
5.8225 3.4824 -3.3884999999999996
5.8225 -2.6086 3.4225
5.8225 -2.6086 2.9641
5.8225 -3.2637 0.3444
5.8225 3.3516 -2.9957000000000003
5.8225 3.3516 -3.3232999999999997
5.8225 6.888 -2.0792
5.8225 6.888 -3.3230999999999997
5.8225 6.888 -2.0134
5.8225 6.888 -3.3232999999999997
5.8225 6.888 2.0474
5.8225 6.888 3.2911
5.8225 6.888 2.0472
5.8225 6.888 3.3569
5.8225 -0.5132 4.2084
5.8225 1.3208 -2.9958
5.8225 0.46959999999999996 4.2085
5.8225 5.905 -3.3884999999999996
5.8225 1.2558 3.0953
5.8225 -2.9362 3.0949999999999998
5.8225 -2.0192 -3.3234
5.8225 -3.5255 1.5230000000000001
5.8225 -3.5255 0.3444
5.8225 -3.0017 2.3094
5.8225 -3.0017 2.2434
5.8225 0.3386 4.2084
5.8225 0.3386 3.881
5.8225 0.3386 3.8809000000000005
5.8225 3.4827999999999997 -2.0134
5.8225 1.7141 3.9463999999999997
5.8225 -2.6087 2.8988
5.8225 -2.6087 3.3569
5.8225 -1.8883 3.8809000000000005
5.8225 3.4168 3.0299
5.8225 3.4168 3.2911
5.8225 3.4168 3.3569
5.8225 3.4168 -3.3234
5.8225 -1.7572 3.881
5.8225 -1.7572 3.5537
3.8577 6.888 0.1479
3.8577 -3.0015 2.6364
3.8577 3.4827999999999997 -0.7695
0.7793 3.2858 -0.31029999999999996
0.7793 3.7442999999999995 2.5707
1.0416999999999998 3.4166000000000003 3.9463999999999997
1.0416999999999998 3.3510999999999997 2.7673
1.0416999999999998 3.6788000000000003 2.7673
1.0416999999999998 -3.6566 -0.4416
1.0416999999999998 3.6131 -0.4416
1.0416999999999998 3.2857 -0.4416
1.0416999999999998 3.351 2.7679
1.0416999999999998 -3.1327000000000003 3.7499
1.0416999999999998 -3.2634999999999996 2.7016999999999998
-2.2991 2.2374 4.8635
-3.1503000000000005 -1.9532999999999998 4.0776
11.0618 -2.0193 0.3444
11.0618 -2.8705000000000003 -0.5725
11.0618 -2.6086 -1.0965
11.0618 2.8268 0.3444
11.0618 3.4168 -1.4895
11.0618 -1.7572 0.3444
11.0618 -1.7572 1.5886999999999998
10.2106 -3.329 -1.5542
10.2106 -3.3291 1.5233
9.359399999999999 -1.8878 -3.3888000000000003
9.359399999999999 3.4168 -3.3888000000000003
4.3162 3.3513 -1.8827
4.3162 3.3513 -1.8171
4.3162 3.4824 2.1124
4.3162 -1.3643 -1.8827
4.3162 -1.3643 -1.8171
8.7043 -3.5254 -1.9479
5.8883 -2.0193 -2.9304
5.8883 -2.0193 -3.3887
5.8883 -2.8705000000000003 -3.0614
5.8883 -2.8705000000000003 -2.4065
5.8883 -3.46 -1.9480999999999997
5.8883 -2.9361 -2.3411
3.6611 -0.5783 0.148
3.9234999999999998 2.5651 4.012099999999999
2.5475000000000003 -3.4598999999999998 2.6364
2.5475000000000003 -3.4598999999999998 2.7676
2.8099 1.9756 4.6014
2.8099 -3.0669999999999997 0.5408999999999999
2.8099 -2.8048 4.1428
2.8099 -2.6087 -0.3761
2.8099 2.4998 2.7022
0.8451 -0.1854 5.7804
4.9708000000000006 -3.3291 -1.4893999999999998
0.19 1.9758999999999998 5.4528
-2.626 2.6963 3.6838
-3.7396 0.4698 -0.4411
-3.7396 -0.1853 3.9458
-3.7396 0.7317 3.3564
-3.7396 0.4041 3.8150000000000004
-3.7396 0.4041 3.7496
-3.7396 0.4041 -0.4411
11.3237 3.7442999999999995 -0.8344
11.3237 6.888 0.3444
10.4725 -2.9361 -1.0965
10.4725 3.4168 1.9162
10.4725 3.4168 2.0472
10.4725 -1.7572 1.9162
10.4725 -1.7572 2.0472
9.621300000000002 -2.0192 -3.1923
9.621300000000002 -0.0536 -3.2575
9.621300000000002 -3.1327000000000003 -2.6020000000000003
7.394100000000001 6.888 -2.6685
4.5781 2.5000999999999998 3.4878
4.5781 2.303 -1.8169000000000002
4.5781 2.303 -1.7513
4.5781 2.4344 1.8507
4.5781 2.8929 3.4878
4.5781 3.4167000000000005 2.5054
4.5781 3.4167000000000005 1.7853
4.5781 1.2556 2.2437
4.5781 1.2556 1.8506000000000002
4.5781 -1.3643 -1.6856
4.5781 -1.3643 -1.8169000000000002
4.5781 2.4343 1.8506000000000002
3.4645 -0.2506 4.4051
3.4645 -2.8707 3.2916
3.4645 -0.2509 4.4048
1.7621000000000002 3.4166000000000003 -0.3756
0.6485000000000001 -2.1501 4.6671
-0.46509999999999996 -3.1981999999999995 3.8156000000000003
-0.46509999999999996 3.7442999999999995 -0.4416
-0.46509999999999996 3.7442999999999995 2.7673
-0.46509999999999996 -3.5909999999999997 3.8156000000000003
-0.46509999999999996 3.4168 2.7673
-1.3163 -3.0017 3.7497000000000003
-1.3163 -3.1327000000000003 -0.4416
-3.2811 -0.775 4.9289
5.0366 1.2555 2.8329
5.0366 -3.46 0.9343
3.0718 1.583 -0.44120000000000004
1.107 -2.6088 4.7979
-1.9713999999999998 3.2858 2.9637000000000002
5.2326999999999995 -2.3464 3.3571999999999997
4.3815 -1.3643 -1.424
4.3815 -2.6742 0.1477
0.45189999999999997 -3.1981 3.7497000000000003
0.45189999999999997 -0.251 5.845899999999999
0.45189999999999997 -3.6565 3.6184000000000003
-0.3993 -3.2637 3.8156000000000003
-0.3993 -3.7219 -0.4416
-0.3993 -3.7219 3.0946000000000002
-0.3993 -3.4602 -0.4416
-0.3993 -3.5909999999999997 3.8156000000000003
-1.5129 -0.1198 5.5182
-1.5129 -1.2334 5.5184
-1.5129 -2.8705000000000003 4.0120000000000005
-1.5129 -0.1848 5.6493
-1.5129 -2.2159 4.7979
-1.5129 -1.9535 4.9289
-1.5129 -1.2331 5.5183
-1.5129 2.8926 4.0120000000000005
-1.5129 -2.936 3.8157000000000005
-1.5129 3.4821999999999997 -0.4416
-1.5129 3.4821999999999997 2.7679
-1.5129 3.4821999999999997 2.7673
-1.5129 -3.2634000000000003 3.8157000000000005
-1.5129 1.7135 5.3873
-1.5129 1.9758999999999998 5.322
-1.5129 1.9758999999999998 4.9946
-1.5129 -2.0845 4.8635
-1.5129 3.1548 2.7679
-1.5129 2.0412 4.8635
-1.5129 0.9276 5.5838
-1.5129 3.4167000000000005 -0.4411
-1.5129 -3.0669999999999997 -0.4411
-1.5129 3.2859 3.9465
-1.5129 3.0893 -0.4416
-1.5129 3.0893 2.7016999999999998
-1.5129 3.0893 -0.4411
-1.5129 -2.5432 4.9289
-1.5129 -2.2813 5.1251999999999995
-1.5129 1.7794 4.9946
-1.5129 -0.1854 5.6494
-1.5129 -3.198 4.2086
-1.5129 2.9583000000000004 3.9465
-1.5129 3.2202 4.0120000000000005
-1.5129 2.5651 4.8635
-1.5129 -2.2157 4.8635
-1.5129 -2.2157 5.191
-1.5129 -0.4475 5.3219
-1.5129 -3.2634999999999996 3.9458
-1.5129 -3.4601 -0.4411
10.734399999999999 -2.0192 -1.4895
10.734399999999999 0.3396 -1.4895
9.8832 -2.6086 -2.8645
8.7696 -0.7086 -3.6506999999999996
5.691199999999999 3.4168 3.2911
3.9888 -1.8884 0.2137
3.9888 -1.1024 4.1429
0.9103999999999999 3.4165 4.0777
1.1728 3.6787 2.7679
1.1728 3.6787 2.8989000000000003
-1.0544 -2.7398 4.9289
-2.168 3.1547 -0.4411
11.1929 -2.0193 -1.0965
11.1929 -2.6741 0.3444
8.9657 -3.0669999999999997 3.0949999999999998
9.2281 3.4824 -2.2099
9.2281 3.4824 -2.2100999999999997
9.2281 6.888 -2.1444
9.2281 6.888 -2.2099
9.2281 6.888 -3.3232
9.2281 6.888 -3.3887
9.2281 -1.6260000000000001 -3.4543
9.2281 -2.0192 -3.0612
9.2281 -2.0192 -3.3888000000000003
9.2281 -2.0192 -3.0613
9.2281 4.2034 -2.1444
9.2281 3.4168 -3.0612
9.2281 3.4168 -3.3888000000000003
9.2281 3.4168 -3.1269
9.2281 3.4168 -3.4543
9.2281 3.5479 -3.4541000000000004
4.4473 -1.3643 -2.1445
4.4473 -1.3643 -1.424
3.3337 -2.6086 1.0648
3.3337 -2.6086 0.21359999999999998
3.3337 -1.6263 -0.4416
3.3337 -1.6263 -0.4413
3.3337 -1.6263 2.7022
3.3337 -2.2155 -0.3757
3.3337 -2.6087 0.0828
3.3337 -2.6087 0.9998
3.3337 -2.3465 -0.31020000000000003
-0.5959 -3.5256000000000003 3.9467000000000003
-0.33349999999999996 3.5478 3.9465
-1.4471 3.0894 2.9642999999999997
-2.5607 -1.2335 4.863300000000001
10.5378 -2.9363 1.8502
10.5378 -2.0193 -2.4062
10.5378 -2.0192 -2.4066
10.5378 -3.3291 0.6722
10.5378 -2.9361 -1.8825999999999998
8.573 -1.7572 3.2917
2.6786 2.1071 -0.4416
2.6786 2.1071 2.7016999999999998
-0.1374 -3.7875 -0.4416
-3.2157999999999998 -1.8881999999999999 4.0120000000000005
-3.2157999999999998 1.8448 4.0120000000000005
-3.2157999999999998 1.8447000000000002 4.012099999999999
-2.9534000000000002 -1.2334 5.1256
-2.9534000000000002 0.40449999999999997 5.3218000000000005
-2.9534000000000002 -0.1848 4.8635
-2.9534000000000002 -0.1848 5.3218000000000005
10.9963 -2.6086 -1.3589
7.3290999999999995 -2.6087 3.6191
5.1019000000000005 6.888 2.8982
0.058699999999999995 -2.8707 4.7979
-0.7925 3.2201 4.4707
-0.7925 -3.7220000000000004 -0.4416
-3.6085 0.7972 4.2741
-3.6085 -0.1854 4.4705
9.7524 -3.1326 2.5052000000000003
6.6739999999999995 3.4168 -3.7161
5.8228 -3.1326 -1.6857
5.8228 -3.1326 -1.9477000000000002
5.8228 -3.46 -1.9477000000000002
5.8228 -3.5255 0.34390000000000004
5.8228 -3.5255 -1.3584
5.8228 -3.2636 0.34390000000000004
4.7092 3.4168 2.6364
3.5956 -2.4775 1.1301
3.5956 1.0594 4.6669
3.5956 -1.0366 2.7022
3.5956 -0.2509 4.732200000000001
2.4819999999999998 -2.7396 3.7499
-1.1852 -0.4475 5.7804
10.7997 -2.085 2.0473000000000003
9.948500000000001 3.4824 3.0296
6.281299999999999 -3.329 -2.7337
4.9052999999999995 6.888 0.1479
4.9052999999999995 3.4827999999999997 0.1479
1.2381 3.6131 -0.4416
-2.6915 -2.7395 1.7201000000000002
-3.8051000000000004 -0.3164 -0.4411
-3.8051000000000004 -0.1853 -0.4411
-3.8051000000000004 0.2075 1.0
-3.8051000000000004 0.0112 2.8983
-3.8051000000000004 -0.1854 2.3085
-3.8051000000000004 -0.1854 -0.4411
11.2582 6.4945 -1.0963
10.407 3.4168 2.0474
10.407 -1.7572 2.0474
9.2934 -3.4597999999999995 -2.0791
7.328600000000001 -2.0848 -3.7816
3.6614 -3.329 3.0298
3.6614 -3.329 2.6367000000000003
3.6614 -1.1023 4.6014
3.6614 -1.1023 4.2739
3.6614 2.6307 4.012099999999999
3.6614 -2.3467 3.7499
3.6614 -2.3467 4.0774
3.6614 1.0594 4.6015
3.6614 1.0594 4.2739
3.6614 -2.3464 3.8157000000000005
3.6614 2.6961 3.4881
3.6614 1.059 4.6014
3.6614 1.059 4.2739
3.6614 -1.1024 4.6013
3.6614 -2.281 4.2084
3.6614 -1.1679 4.2084
-0.5306 3.3513 -0.4416
-0.5306 3.7442999999999995 2.7673
-1.3818000000000001 -0.1854 5.714700000000001
-3.3466000000000005 -0.3164 -0.4411
-3.3466000000000005 -1.8227 3.2911
-3.3466000000000005 1.8448 3.2257000000000002
-3.3466000000000005 1.1898 4.6669
-3.3466000000000005 -0.1854 4.9289
9.4895 -3.1326 -1.5547
8.638300000000001 -3.5911 0.3444
7.7871 -2.6086 3.2917
7.7871 -2.6086 3.5534999999999997
7.7871 -2.1503 3.7499
7.7871 -1.7572999999999999 3.488
7.7871 -1.7572999999999999 3.7499
6.9359 -1.6261 3.75
6.9359 0.7979 3.9465
6.9359 3.4168 3.4881
6.9359 3.4168 3.75
6.9359 -1.7572 3.4227
5.822299999999999 3.3513 -2.9957000000000003
5.822299999999999 3.3513 -3.3230999999999997
5.822299999999999 -2.5431 -2.6683
5.822299999999999 -3.5256000000000003 -1.228
5.822299999999999 -3.5256000000000003 0.1479
5.822299999999999 1.9761000000000002 3.4881
5.822299999999999 -1.1023 4.0776
5.822299999999999 -2.8052 2.6367000000000003
5.822299999999999 2.4341 3.4881
5.822299999999999 -2.3467 3.2263
5.822299999999999 -3.3945000000000003 -2.144
5.822299999999999 1.0594 3.8157000000000005
5.822299999999999 1.2555 3.0294000000000003
5.822299999999999 -1.7570999999999999 3.9465
5.822299999999999 2.3686 3.6191
5.822299999999999 1.7798 3.9466
5.822299999999999 0.9934000000000001 4.1431000000000004
5.822299999999999 2.5655 3.4881
5.822299999999999 -2.6085000000000003 -3.1268
5.822299999999999 -0.9711 4.1431000000000004
5.822299999999999 -2.7398 3.357
5.822299999999999 -3.1325 2.7678000000000003
5.822299999999999 -1.3643 -2.9957000000000003
5.822299999999999 -1.3643 -3.3230999999999997
5.822299999999999 1.059 3.8157000000000005
5.822299999999999 -1.1024 4.0775
5.822299999999999 3.4168 3.0293
5.822299999999999 -2.6742 -2.6027
5.822299999999999 -2.6742 -3.0613
5.822299999999999 -2.6742 -2.6683
5.822299999999999 -3.2634999999999996 0.1479
3.0063 -1.6263 -0.4416
3.0063 -1.6263 2.7022
3.0063 -0.2509 4.863300000000001
-2.0369 -2.8048 4.5359
-2.8881 2.5000999999999998 3.2911
-2.8881 2.1069 4.4704
-2.8881 1.7794999999999999 4.012099999999999
-2.8881 1.8449 -0.4411
-2.8881 1.7141 4.8633999999999995
-2.8881 -0.1854 4.9289
-2.8881 0.9934999999999999 4.8633999999999995
-2.8881 0.9934999999999999 4.7979
11.324 -2.0193 0.3444
11.324 -2.0848 -0.5067999999999999
11.324 -1.7572 0.7375999999999999
11.324 -1.7572 0.3444
10.2104 3.4824 0.41009999999999996
9.3592 6.888 -3.3232
9.3592 3.4168 -3.3888000000000003
8.2456 2.8926 3.75
8.2456 6.888 3.7499
4.316 3.3513 -1.8169000000000002
4.316 3.2202 3.0947999999999998
4.5784 3.3516 -2.3406
2.3512 0.8629 5.3217
0.38639999999999997 -2.0845 4.7325
-0.46480000000000005 3.7442999999999995 -0.4416
-0.46480000000000005 3.7442999999999995 2.7673
-0.46480000000000005 3.4168 -0.4416
-0.46480000000000005 3.4168 2.7673
10.6689 6.888 2.309
10.6689 3.4168 2.309
9.555299999999999 -3.1326 -1.9477000000000002
9.555299999999999 -3.5255 0.34390000000000004
9.555299999999999 -3.5255 -1.0963
9.555299999999999 -3.2636 0.34390000000000004
6.739299999999999 3.4168 3.6844
5.6257 1.0594 3.8157000000000005
5.8881000000000006 6.888 -2.0792
5.8881000000000006 0.46959999999999996 4.2085
5.8881000000000006 -0.9711 4.1429
5.8881000000000006 4.071899999999999 -2.0136000000000003
5.8881000000000006 3.4168 3.4227
3.6609000000000003 1.9106 4.0774
3.6609000000000003 2.5655 4.0774
3.6609000000000003 3.2854 3.0298
3.6609000000000003 3.2854 3.2263
3.6609000000000003 3.0236 3.0298
2.5473 3.4821 2.7679
-0.2687 -2.5433999999999997 5.0598
-0.0063 3.8098 2.3744
-0.8574999999999999 3.4821999999999997 3.9465
-0.8574999999999999 3.6786 3.1607999999999996
11.1274 3.4168 1.4577
11.1274 3.4168 0.3444
11.1274 3.0236 -1.4239
9.1626 -2.0192 -3.0613
6.609 -3.5911 0.9995999999999999
4.3818 3.8103 -2.0783
2.1546 -3.3291 3.8156000000000003
1.3034000000000001 -3.0015 4.4704
0.4522 -2.2159 4.6668
10.472299999999999 -2.9362 -1.8817
10.472299999999999 -1.7572 2.5057
9.3587 -3.46 -1.9477000000000002
9.883500000000002 -3.4598999999999998 1.3925
7.656300000000001 -1.8878 -3.7817000000000003
7.656300000000001 3.4168 -3.5197
3.7267 -0.5783 0.148
3.7267 0.5348999999999999 0.148
3.7267 0.4697 2.7022
2.6131 1.9758999999999998 4.274
2.6131 -2.9359 -0.31029999999999996
2.6131 -0.1854 4.6017
-0.4653 -0.1854 5.1911
-0.4653 0.6661 5.845899999999999
-3.2813000000000003 1.8448 -0.4411
10.9308 3.4168 -1.8825
7.001200000000001 -2.9361 -3.3887
7.2636 0.4043 3.9465
-0.8580000000000001 -3.7220000000000004 2.0466
-0.5956 -0.7095 5.845899999999999
-2.5604 -2.7395 3.8150000000000004
-3.6740000000000004 -1.0368 3.2911
11.389299999999999 3.4824 0.3444
11.389299999999999 3.4824 -0.2453
11.389299999999999 6.888 -0.5074000000000001
8.3109 -1.3641999999999999 3.75
6.6085 -2.7395 -3.4541000000000004
5.4948999999999995 3.3513 -3.1921
5.4948999999999995 0.0113 -3.1921
5.4948999999999995 3.3516 -3.1921
4.6437 1.6480000000000001 -1.8171
4.6437 -1.3643 -1.8171
3.5301 -1.6261 -0.5725
3.7925 -1.1023 4.2085
3.7925 -3.1979 3.357
3.7925 -3.0015 2.6367000000000003
3.7925 3.0893 3.5536
3.7925 3.0893 3.4881
0.7141 3.4821 4.0123
-0.3995 -3.46 -0.4416
-0.3995 -3.2636 3.8156000000000003
-0.3995 -3.7220000000000004 -0.4416
-0.3995 -3.7220000000000004 3.0288
-1.5131000000000001 -3.1979 4.0120000000000005
-1.5131000000000001 -2.7394000000000003 4.7978
-1.5131000000000001 -2.0848 4.9289
-1.5131000000000001 -2.8048 4.0120000000000005
3.9886 -2.7397 0.1479
2.0238 3.2201 3.9467000000000003
0.9102000000000001 -3.7219 1.1961
-0.7922 -0.1854 5.845899999999999
11.1927 -2.6738999999999997 0.3444
9.4903 -3.5256000000000003 1.1958
9.4903 -3.2636 2.4393000000000002
9.4903 -2.8706 2.8327
9.4903 -2.8706 2.3748
9.4903 -2.8706 2.8986
9.4903 -1.7572 2.8986
9.4903 -1.7572 3.2260999999999997
6.6743 -3.0669999999999997 3.2259999999999995
-0.5961 3.3513 2.7673
-1.4473 -3.5255 2.8325
-3.4120999999999997 0.40449999999999997 4.8633999999999995
-3.4120999999999997 0.4698 -0.4411
-3.4120999999999997 0.4041 4.0120000000000005
-3.4120999999999997 -0.1854 4.0120000000000005
-3.4120999999999997 -0.1854 -0.4411
-3.4120999999999997 1.5827999999999998 3.9458
-3.4120999999999997 -1.7572 0.4106
-3.4120999999999997 -0.1851 4.012099999999999
-3.4120999999999997 -0.1851 4.8633999999999995
10.8 -2.0193 -1.1622999999999999
10.8 -2.9361 -1.0967
9.948799999999999 -3.4598999999999998 -1.358
5.7568 -2.1501 -3.3232999999999997
5.7568 -1.3643 -3.3232999999999997
6.0192000000000005 -1.7572999999999999 3.8809000000000005
1.8272 1.6483999999999999 5.3217
0.976 -1.4297 5.6491
8.1801 3.4168 3.7499
8.1801 3.4168 3.75
8.4425 -2.6086 3.5534000000000003
7.0665000000000004 -2.4122999999999997 -3.6506
4.2505 3.3513 -1.7513
4.2505 1.2556 1.8506000000000002
4.2505 -1.3643 -1.8169000000000002
1.4345 -1.8880000000000001 5.3872
0.5832999999999999 -3.3944 4.2087
-1.6439 0.9284000000000001 5.5838
9.489799999999999 -3.2637 0.3444
9.489799999999999 -3.3945000000000003 2.1125000000000003
9.489799999999999 -2.9362 2.3094
9.489799999999999 -3.5255 0.3444
9.489799999999999 -3.5255 1.3267
9.489799999999999 -3.0669999999999997 2.7678000000000003
9.489799999999999 -3.0017 2.1778
9.489799999999999 -3.0017 2.309
9.489799999999999 -2.6087 3.0949999999999998
9.489799999999999 -2.6087 2.7022999999999997
7.5249999999999995 3.4824 -2.7341
7.5249999999999995 6.888 -3.7159999999999997
7.5249999999999995 6.888 -2.7341
7.5249999999999995 3.4168 -3.7817000000000003
6.673800000000001 3.4168 -3.7159999999999997
5.5602 -2.3467 3.2263
3.8578 1.2556 0.1479
2.7442 -3.0016000000000003 3.2916
2.7442 2.5000999999999998 3.9467000000000003
2.7442 -3.1323999999999996 0.7375999999999999
2.7442 -3.1323999999999996 2.7673
2.7442 2.9581 4.0123
2.7442 3.4166000000000003 2.7673
2.7442 3.4166000000000003 2.5707
2.7442 -0.2506 4.6014
2.7442 -2.0193 2.7022
2.7442 2.8273 4.0776
2.7442 -2.2159 4.0776
2.7442 -2.2159 4.4704
2.7442 -2.1501 4.5358
2.7442 3.0892 3.0293
2.7442 2.0414000000000003 2.7022
2.7442 2.0414000000000003 -0.44120000000000004
2.7442 1.8448 4.274
2.7442 -2.4775 2.7022
2.7442 2.7618 4.2087
2.7442 3.0237 0.345
2.7442 3.0237 0.2137
2.7442 -2.8707 -0.11399999999999999
2.7442 2.6310000000000002 -0.44120000000000004
2.7442 1.9758999999999998 4.2087
2.7442 1.9758999999999998 4.6017
2.7442 1.9758999999999998 4.6015
2.7442 -3.0015 4.0122
2.7442 -2.7396 3.8156000000000003
2.7442 -2.6743 3.8157000000000005
2.7442 -3.0669999999999997 3.2916
2.7442 2.5 0.083
2.7442 -3.3944 2.4396999999999998
2.7442 -3.3944 2.7673
2.7442 0.9936999999999999 4.8633999999999995
2.7442 -3.3291 3.4882000000000004
2.7442 -0.1849 4.9289
2.7442 -2.6087 -0.4416
2.7442 -2.6087 0.41019999999999995
2.7442 2.8930000000000002 -0.0481
2.7442 -0.1854 4.6016
2.7442 -0.1854 4.6017
2.7442 -0.1854 4.929
2.7442 2.2374 4.0776
2.7442 2.4998 2.7022
2.7442 2.4998 -0.44120000000000004
2.7442 -3.3945999999999996 2.5054
2.7442 -3.3945999999999996 3.3569
2.7442 2.1071 -0.4416
2.7442 2.1071 2.7016999999999998
2.7442 -0.9712999999999999 4.863300000000001
2.7442 -2.0848999999999998 -0.4416
2.7442 -2.0848999999999998 2.7016999999999998
2.7442 3.4168 3.0293
2.7442 3.4168 2.5705999999999998
2.7442 -3.1327000000000003 3.8156000000000003
2.7442 -3.1327000000000003 2.7676
2.7442 -2.6742 -0.4416
2.7442 -0.2509 4.6013
2.7442 -2.2157 4.5362
2.7442 -2.2157 4.143
2.7442 -1.9538 -0.4416
-0.0718 1.9758999999999998 4.8633999999999995
-3.1502000000000003 -1.8884 4.0120000000000005
8.8347 -3.5255 -1.9477000000000002
9.0971 3.4824 -2.2099
9.0971 6.888 -2.2099
9.0971 -2.1503 3.4881
9.0971 3.4168 -3.5195999999999996
8.2459 -2.7397 -3.5195
5.1674999999999995 3.3513 -2.9301
4.3163 -2.6742 -1.4896
3.2027 2.0414000000000003 2.7022
3.2027 2.5 0.8687999999999999
0.1243 3.7442999999999995 3.2262
0.38670000000000004 -0.1854 5.1908
-0.46449999999999997 3.7442999999999995 2.7679
10.406799999999999 -2.8705000000000003 -1.0967
10.406799999999999 -0.25 -2.6025
10.406799999999999 -2.2158 -2.5371
9.5556 -2.0193 -2.7990999999999997
9.5556 -2.0193 -3.1923
9.5556 -3.2634000000000003 -2.472
9.5556 -2.0192 -2.8647
9.5556 -2.9361 -2.7990999999999997
9.5556 -2.9361 -2.2752000000000003
9.5556 -3.0669 -1.9479
7.590800000000001 -2.0192 -3.7162
7.590800000000001 -2.0192 -3.4543
7.590800000000001 3.4168 -3.7817000000000003
7.590800000000001 3.0236 -3.5197
4.7748 2.827 3.4881
3.6612 -0.2506 4.4051
3.6612 -3.329 2.3747000000000003
3.6612 -2.8705000000000003 3.8158
3.6612 3.0892 0.2794
3.6612 -0.11950000000000001 4.7324
3.6612 -1.6921 4.4702
3.6612 -2.5433 0.14809999999999998
3.6612 2.9584 -0.1137
3.6612 3.0237 3.0293
3.6612 -2.8707 0.9993
3.6612 -2.8707 3.2916
3.6612 1.7135 4.0776
3.6612 -3.0015 2.5056
3.6612 2.4339 4.1431000000000004
3.6612 -1.8884 0.2137
3.6612 1.9099000000000002 4.4051
3.6612 1.583 -0.1139
3.6612 3.3512 2.5051
3.6612 2.5 -0.44120000000000004
3.6612 2.5 1.196
3.6612 -1.3643 -0.11410000000000001
3.6612 -3.3291 2.3745
3.6612 -3.3291 2.6364
3.6612 -2.8048 3.2916
3.6612 3.2857 3.0293
3.6612 -2.6087 0.5408999999999999
3.6612 -2.5429 1.1958
3.6612 -2.0844 4.3393
3.6612 -3.198 3.2916
3.6612 2.4998 1.0648
3.6612 2.4998 -0.5069
3.6612 1.6486 -0.638
3.6612 -0.9712999999999999 4.6667
3.6612 -0.2509 4.4048
3.6612 -3.2634999999999996 3.2255
2.5476 2.8929 -0.4416
-0.2684 -3.7875 0.9339999999999999
-3.0844 -2.085 4.0120000000000005
8.900500000000001 -3.3289 -2.734
8.900500000000001 -2.4779 -3.454
6.935700000000001 3.4168 3.7499
4.9709 3.4827999999999997 -2.799
4.1197 -2.0194 0.14809999999999998
1.0413000000000001 3.2858 -0.4416
1.0413000000000001 3.2858 2.7016999999999998
1.0413000000000001 3.6788000000000003 -0.4416
1.0413000000000001 3.6788000000000003 2.7673
-2.8883 1.8448 4.0120000000000005
-2.8883 -1.6260000000000001 4.9289
-2.8883 1.7138 4.0120000000000005
-3.7394999999999996 -0.2509 3.8804
11.3238 6.4945 0.9341999999999999
11.3238 6.888 0.3444
11.3238 3.4168 0.3444
11.3238 3.4168 0.8685
11.3238 3.4168 0.8685999999999999
11.3238 -1.7572 0.7375999999999999
11.3238 -1.7572 0.3444
6.543 -1.7572999999999999 3.3571999999999997
4.3158 -2.6742 -1.424
4.578200000000001 3.3513 -2.341
4.578200000000001 3.3513 -1.8171
4.578200000000001 1.2555 1.9165
4.578200000000001 1.2555 2.3093
4.578200000000001 2.4345 3.4881
4.578200000000001 3.0890999999999997 3.2260999999999997
4.578200000000001 3.4168 1.9817999999999998
4.578200000000001 3.4168 2.5711999999999997
4.578200000000001 2.827 3.4881
3.4646000000000003 -0.25079999999999997 2.7022
3.4646000000000003 -0.2509 2.7022
3.4646000000000003 -0.2509 -0.4414
3.727 1.7142000000000002 4.4705
3.727 -2.8705000000000003 3.8154
3.727 -2.281 3.7500999999999998
3.727 -1.6264 4.4704
3.727 -0.8402 4.6669
-0.46499999999999997 -0.1854 5.191
-1.5786000000000002 -0.1848 5.3218000000000005
-1.5786000000000002 -0.1854 5.3219
-1.3162 3.6132 -0.4416
-2.4298 -2.0843 4.9945
-2.4298 0.9939 5.4528
-3.2809999999999997 0.40449999999999997 5.0601
-3.2809999999999997 -0.5784 4.9289
10.668700000000001 3.4168 2.3094
9.817499999999999 -1.7572 3.0949
8.7039 5.5125 2.4402
8.7039 -3.5909999999999997 0.34390000000000004
6.7391000000000005 6.888 -3.7159999999999997
1.1071 3.6788000000000003 0.5413
1.1071 3.2201 2.7016999999999998
1.1071 3.0238 3.9463999999999997
-2.8225 0.9934999999999999 4.7979
-2.8225 2.3685 4.012099999999999
10.276 3.4824 0.3444
10.276 6.888 0.3444
10.276 -3.4598999999999998 -0.11410000000000001
7.1975999999999996 6.888 2.6369
5.2328 -2.0845 -2.9957000000000003
5.2328 -1.3643 -2.9957000000000003
-1.5128000000000001 -3.46 -0.4416
-1.5128000000000001 -3.2636 3.8156000000000003
-1.5128000000000001 -3.0017 3.8156000000000003
-1.5128000000000001 -3.1327000000000003 -0.4416
-2.6264 -2.0189 4.0120000000000005
-2.6264 -2.1499 4.667000000000001
-2.6264 -1.1026 4.9289
-3.4776000000000002 1.5827999999999998 -0.4411
10.734499999999999 -1.3641999999999999 2.1783
10.734499999999999 3.4168 2.0474
10.734499999999999 -1.7572 2.0474
8.7697 2.2377000000000002 3.2912999999999997
8.7697 3.4824 2.4402
8.7697 3.4824 2.3741000000000003
8.7697 6.888 3.6191
8.7697 6.888 3.6189
8.7697 6.888 2.4398
8.7697 6.888 2.5059
8.7697 3.4168 3.6191
8.7697 3.4168 3.6189
8.7697 3.4168 3.3569
8.7697 -1.7572 3.5534000000000003
8.7697 -1.7572 3.2912999999999997
7.6561 -3.46 2.6369
3.9889 6.888 1.3269
3.9889 3.4168 1.3924
2.8753 -0.2506 4.5359
2.8753 -1.7573999999999999 -0.4416
2.8753 -3.3945999999999996 3.2916
-1.0543 -3.5909999999999997 3.3563
-1.0543 3.6787 0.9341999999999999
-2.1679 -1.6915 5.3219
-3.0191 -1.3643 4.9289
11.193 -2.0193 -1.0967
11.193 -2.0848 -1.0967
8.1146 -1.7572 3.75
4.4474 6.888 -2.2095
3.3338 1.583 2.7022
-3.6742 0.6664 4.012099999999999
-3.6742 -0.1851 4.2741
9.6867 3.4168 3.2258
9.6867 3.4168 3.2260999999999997
8.8355 3.4168 3.6191
8.8355 -1.7572 3.2260999999999997
6.8707 -3.2634999999999996 3.0294000000000003
5.4947 -3.2634999999999996 -2.3404000000000003
3.5298999999999996 1.9106 4.0118
3.7923 3.3516 0.1479
3.7923 6.888 -0.31120000000000003
3.7923 3.4167000000000005 0.1482
3.7923 3.4168 0.1482
3.7923 5.2503 -0.4416
-3.2157 -0.1854 5.1256
10.996400000000001 -2.9361 0.3444
6.478000000000001 -3.5911 0.3444
6.478000000000001 -3.46 2.3094
6.478000000000001 -3.5909999999999997 0.34390000000000004
4.2508 3.4827999999999997 -1.8819
4.2508 3.4168 1.9813
1.4348 3.5476 3.6189
-1.9060000000000001 -3.2634999999999996 3.4217999999999997
10.3413 3.4168 -2.6682
9.4901 -2.6088 -3.1266000000000003
9.4901 -1.7572999999999999 3.2914
8.6389 -3.0669 -3.1921999999999997
7.5253 3.4824 -2.734
7.5253 6.888 -2.734
7.5253 6.888 -3.7161
7.5253 3.4168 -3.7816
4.4469 -3.1979 0.14809999999999998
4.709300000000001 -2.6085000000000003 -1.424
4.709300000000001 -3.0672 -1.7510999999999999
2.4821 -0.1854 5.3218000000000005
2.4821 -0.1854 5.3217
2.4821 3.4821 2.7673
0.5173 -3.7875 2.3742
0.5173 -3.3291 -0.4416
10.7998 -2.8051 1.5232
7.9838000000000005 -3.1981999999999995 -2.0136000000000003
7.9838000000000005 -2.0193 -3.7161
7.9838000000000005 -2.0848 -3.3887
7.9838000000000005 -2.936 -3.3886
7.9838000000000005 -2.6741 -3.5851
7.9838000000000005 -3.2634000000000003 -1.9479
7.9838000000000005 -3.46 -2.6684
7.9838000000000005 -2.0192 -3.454
7.9838000000000005 -2.0192 -3.7161
7.9838000000000005 -3.5255 -1.9480999999999997
7.9838000000000005 -3.3944 -2.7995
7.9838000000000005 -2.9361 -3.3230999999999997
7.9838000000000005 -2.9361 -2.8647
7.9838000000000005 -2.9361 -2.996
7.9838000000000005 -2.9361 -3.3887
7.9838000000000005 -3.5254 -1.9479
7.9838000000000005 -3.2634999999999996 -1.9480999999999997
6.2814 -3.5255 -1.9477000000000002
4.9054 3.4824 0.1482
4.9054 6.888 0.1482
4.0542 3.3513 0.1479
4.0542 1.2552 0.1479
4.0542 2.4344 0.1482
4.0542 3.4167000000000005 0.1482
4.0542 1.2556 0.1479
4.0542 -1.3643 -1.3583
4.0542 -1.3643 -0.1796
4.0542 2.4343 0.1479
0.9757999999999999 -3.1981 3.8156000000000003
0.9757999999999999 -3.5255 3.8156000000000003
0.9757999999999999 -3.3291 -0.4416
0.9757999999999999 -3.6565 -0.4416
0.9757999999999999 -3.6565 3.2909
0.12459999999999999 3.8098 -0.4416
-2.1026 -3.1979 -0.1791
-2.1026 -3.1979 2.8325
-2.9537999999999998 1.8448 -0.4411
-2.9537999999999998 1.7138 -0.4411
-2.9537999999999998 -0.1854 4.863300000000001
11.2583 -2.1505 0.9341999999999999
11.2583 -1.7572 0.9995999999999999
11.2583 -1.7572 0.9994
9.555900000000001 -3.329 -2.2091
9.555900000000001 -2.9362 -2.7338
9.555900000000001 -3.5254 -0.8344
8.1799 -3.5909999999999997 -1.2928
4.5127 -3.2634999999999996 -0.44209999999999994
3.3991000000000002 -1.6261 2.7022
-1.3817 3.0893 -0.4416
-1.3817 2.8927 3.9465
10.8656 -2.0193 -1.0965
10.8656 3.4168 1.9817
5.8224 -3.5256000000000003 0.14809999999999998
5.8224 -2.8707 2.6364
5.8224 -3.46 1.916
5.8224 -3.198 2.6364
5.8224 -3.2634999999999996 0.14809999999999998
4.12 -2.0191 4.2739
2.7439999999999998 2.8926 4.0774
2.7439999999999998 3.0894 2.7679
3.0064 1.583 2.7022
1.6303999999999998 -3.3944 3.8157000000000005
-0.9232 3.4165 4.0777
11.0617 3.4824 1.6543999999999999
11.0617 -1.7572 0.3444
9.0969 3.4168 -3.5197
9.0969 3.4168 -3.1269
7.132099999999999 -1.4951 -3.7816
1.5001 -1.2331 5.5839
1.5001 -0.1854 4.8635
1.5001 -0.1854 4.8638
1.5001 -0.1854 5.6491
0.3865 -3.5256000000000003 3.8157000000000005
0.3865 -2.2159 4.7322999999999995
0.3865 -2.2159 5.0598
0.3865 -2.6743 4.863300000000001
0.3865 -3.3944 4.2086
0.3865 -3.198 3.8157000000000005
-2.6919 -2.4774000000000003 4.0120000000000005
-3.5431 -1.1681000000000001 4.0120000000000005
-3.5431 -1.1675 4.0120000000000005
10.668999999999999 -2.7396 0.3444
9.8178 3.4824 -1.4895
9.8178 6.888 -1.4895
7.5906 -1.9526999999999999 -3.7816
7.5906 -2.0192 -3.4542
7.5906 3.2199 -3.5197
7.5906 3.4168 -3.7816
5.888199999999999 3.4824 2.0474
5.888199999999999 6.888 2.0474
5.888199999999999 6.888 3.4223999999999997
5.888199999999999 1.3208 -2.9958
5.888199999999999 -2.0192 -2.9958
5.888199999999999 -2.0192 -3.3887
5.888199999999999 3.4168 -3.0614
4.7745999999999995 -2.8052 1.3272000000000002
4.7745999999999995 -3.2634000000000003 2.6364
4.7745999999999995 -3.0015 2.6364
4.7745999999999995 -3.0015 0.14809999999999998
4.7745999999999995 -3.3291 0.6066
4.7745999999999995 -3.0672 0.14809999999999998
4.7745999999999995 -2.7395 1.3272000000000002
4.7745999999999995 -3.2634999999999996 2.6364
3.6609999999999996 -1.6261 -0.0485
3.6609999999999996 -1.6261 -0.5725
3.6609999999999996 -0.25079999999999997 2.7022
3.6609999999999996 -0.25079999999999997 -0.4414
3.6609999999999996 1.583 -0.11379999999999998
3.6609999999999996 1.583 -0.5725
3.6609999999999996 -0.2509 2.7022
3.6609999999999996 -0.2509 -0.4414
2.8098 -1.8884 2.7022
2.8098 -2.6087 -0.4416
-1.1198 -3.0669999999999997 4.6014
-1.1198 -3.6565 1.2614999999999998
-3.0846 1.1247 5.0601
10.276299999999999 3.4824 0.3444
10.276299999999999 6.888 0.3444
8.311499999999999 -2.0192 -3.7162
6.346699999999999 -3.5255 -2.0136000000000003
4.1195 -2.1501 -1.424
4.1195 -1.3643 -0.24489999999999998
3.2682999999999995 -0.8404999999999999 2.7022
1.3034999999999999 1.1244 5.6491
1.3034999999999999 -3.6566 2.7673
0.1899 -1.2331 5.7804
-1.7749000000000001 -2.5429 4.9289
9.6212 -2.543 -3.061
8.5076 6.888 -3.7161
5.4292 -2.7397 -2.8647
2.6132 -2.2813 4.5359
-0.20279999999999998 3.8098 -0.24459999999999998
-0.20279999999999998 -3.3947 -0.4416
-3.2812 -1.8881999999999999 -0.4411
-3.2812 1.9761999999999997 3.1598
-3.2812 -1.9539 3.1598
-3.2812 1.8449 -0.4411
-3.2812 1.9105 3.4217999999999997
10.930900000000001 4.7273000000000005 1.9163
10.930900000000001 -0.5777 -1.8825
10.930900000000001 3.4168 -1.8825
10.079699999999999 3.4168 -2.9303
8.1149 0.14270000000000002 -3.7817000000000003
8.1149 3.4168 -3.7816
8.1149 3.4168 -3.7817000000000003
6.1501 4.1375 3.5534000000000003
3.0717000000000003 -1.6261 2.7022
3.0717000000000003 -1.6261 -0.4414
3.0717000000000003 1.4518 2.7022
3.0717000000000003 1.4518 -0.4414
3.0717000000000003 -2.2156 2.7022
3.0717000000000003 1.583 2.7022
3.0717000000000003 1.583 -0.4414
3.0717000000000003 -1.4951 -0.4414
1.9581000000000002 3.2856000000000005 3.9463999999999997
1.9581000000000002 -1.5607 5.3218000000000005
-1.9715 -1.1681000000000001 5.5184
-1.9715 3.0237 4.0776
-2.8226999999999998 -1.8227 -0.4411
-2.8226999999999998 -1.8881999999999999 4.0120000000000005
-2.8226999999999998 -1.8881999999999999 -0.4411
-2.8226999999999998 -0.644 5.3873
-2.8226999999999998 -2.6088 2.7016999999999998
-2.8226999999999998 -1.8884 -0.4411
-2.8226999999999998 1.8449 4.0120000000000005
-2.8226999999999998 -1.7572 4.0120000000000005
11.3894 -1.7569000000000001 0.2133
11.3894 -1.7569000000000001 -0.2453
11.3894 1.779 0.3444
11.3894 0.6662 0.3444
11.3894 2.8927 -0.5074000000000001
11.3894 3.8754999999999997 0.4755
9.687 -2.6738999999999997 2.9638
4.3814 2.5000999999999998 3.4878
4.6438 1.9761000000000002 1.9162
4.6438 3.0235000000000003 1.9162
4.6438 -1.3643 -2.4062
4.6438 -3.3291 0.1479
-1.513 2.8273 4.012099999999999
-1.513 2.6307 4.8633999999999995
-1.513 3.0237 4.4704
-1.513 2.1721 4.7979
-3.2154000000000003 -2.0195000000000003 -0.4411
-3.2154000000000003 -1.8884 -0.4411
-3.2154000000000003 1.8449 3.8804
9.8831 3.4824 -1.4895
9.8831 3.4824 -1.3584
9.8831 6.888 -1.4895
9.8831 6.888 -1.3584
9.8831 6.888 3.0949999999999998
8.769499999999999 1.5829 3.2917
8.769499999999999 -1.4949000000000001 3.6191
8.769499999999999 3.4168 3.3571999999999997
8.769499999999999 3.4168 3.6191
8.769499999999999 -1.7572 3.2917
7.6559 -2.6086 3.6189999999999998
7.9183 -1.7572999999999999 3.4223999999999997
6.8046999999999995 6.2981 3.7499
5.6911000000000005 -0.1198 4.2739
5.6911000000000005 1.0594 4.143
5.6911000000000005 -2.3464 3.6847
5.6911000000000005 1.059 3.8157000000000005
5.6911000000000005 -1.1024 3.7500999999999998
3.9886999999999997 3.3516 -1.2279
3.9886999999999997 6.888 -1.2279
1.1726999999999999 -3.3291 2.7676
-3.0193000000000003 -2.0844 4.274
-3.0193000000000003 -0.1851 4.8633999999999995
4.4472 -2.6742 0.1479
3.3335999999999997 1.583 2.7022
0.5176000000000001 1.3863 5.7146
-1.7096 -1.6915 5.3873
-1.4472 3.5478 0.08270000000000001
-1.4472 -0.1854 5.5183
10.8001 -2.9361 -1.0965
10.8001 3.4168 -1.4895
10.8001 3.4168 2.0472
10.8001 3.4168 -1.4239
10.8001 -1.7572 2.0472
9.9489 6.888 -3.0612
9.9489 3.9411 -3.0612
9.9489 -2.2157 2.9638
8.5729 3.4824 -3.7161
8.5729 -2.6742 3.4879000000000002
8.8353 6.888 3.6191
6.0193 3.4168 -3.4542
2.6785 0.27330000000000004 5.1251999999999995
2.6785 -3.1325 3.8811999999999998
2.6785 -2.0848999999999998 -0.4416
2.6785 -2.0848999999999998 2.7016999999999998
0.9761000000000001 1.9758999999999998 5.4525999999999994
0.9761000000000001 -3.6566 -0.4416
0.9761000000000001 -3.6566 3.2263
0.9761000000000001 -3.6566 2.7673
0.9761000000000001 -3.6566 2.7676
0.9761000000000001 -3.3289 -0.4416
0.9761000000000001 -3.3944 2.7673
0.9761000000000001 -3.5254 3.8156000000000003
-0.13749999999999998 -1.8880000000000001 5.5838
-0.13749999999999998 3.1547 3.9465
-0.13749999999999998 3.1547 3.9467000000000003
-0.13749999999999998 1.9758999999999998 4.9289
-0.13749999999999998 1.9758999999999998 5.1908
-0.13749999999999998 1.9758999999999998 5.2564
-0.13749999999999998 3.2201 4.4706
-0.13749999999999998 2.2381 5.1908
-0.13749999999999998 2.8272 4.863300000000001
-0.13749999999999998 2.8272 4.8633999999999995
-0.13749999999999998 3.4821 4.0777
-0.13749999999999998 3.4821 3.9467000000000003
10.9962 -2.8706 0.803
9.031400000000001 -3.46 2.309
9.031400000000001 -3.5255 1.9159
9.293800000000001 -1.7572 3.4226
7.9178 -3.0669999999999997 3.3569
0.321 0.1421 5.845899999999999
0.321 1.3863 5.714700000000001
0.321 1.8448 4.8635
0.321 1.8448 5.583699999999999
0.321 1.9758999999999998 5.4528
0.321 1.9758999999999998 4.8635
0.321 1.7794 4.8635
0.321 -0.1854 5.2565
0.321 -0.1854 5.8457
0.321 -0.1854 5.7802
-0.5302 -1.4297 5.7149
-1.9062 2.1066000000000003 5.191
-3.6086 1.2553 3.2257000000000002
-3.6086 1.3209 -0.24450000000000002
10.6035 -2.8706 0.41009999999999996
10.6035 -2.9361 0.3444
8.6387 -1.8883 3.6191
5.5603 -3.5256000000000003 0.8687
5.5603 6.888 3.2259
5.5603 6.888 -3.2577000000000003
5.5603 3.4168 3.2259
5.5603 -2.6742 -2.9957000000000003
5.8227 -2.9361 -2.4065
5.8227 -2.9361 -2.8647
5.8227 -3.1327000000000003 -1.9480999999999997
3.5955 3.0892 3.6189
3.8579000000000003 0.404 4.6669
3.8579000000000003 6.888 0.47559999999999997
3.8579000000000003 6.888 0.1482
3.8579000000000003 3.4168 0.8685
1.0419 2.0417 5.3871
-1.1853 -2.2159 5.1908
-3.1501 1.1901 4.8635
11.062 1.3863 -1.6205
11.062 6.888 -1.4895
11.062 6.888 -1.6205
11.062 -2.0192 0.3444
11.062 -2.0192 -1.4895
11.062 -1.8878 -1.4896
11.062 3.4168 -1.4896
11.062 3.4168 -1.5551000000000001
11.062 3.4168 -1.4895
11.062 2.3685 0.3444
7.5909 5.2505999999999995 3.8153
5.3637 -3.5256000000000003 0.1479
4.5125 3.3513 -1.6856
4.5125 2.4343 2.2437
3.6612999999999998 3.1547 0.2793
3.6612999999999998 2.6965 3.4878
3.6612999999999998 3.3510999999999997 2.7673
3.6612999999999998 2.4344 0.1482
3.6612999999999998 2.4344 1.0652
3.6612999999999998 -0.5781999999999999 0.1479
3.6612999999999998 2.4997 -0.5726
3.6612999999999998 -1.3643 -0.6382
3.6612999999999998 -1.3643 -0.11429999999999998
3.6612999999999998 3.0890999999999997 0.1479
3.6612999999999998 3.2202 3.3567
3.6612999999999998 1.9758000000000002 0.1479
3.6612999999999998 1.9758000000000002 -0.7035
3.6612999999999998 2.4343 0.9339999999999999
3.6612999999999998 2.4343 0.1479
2.5477 -2.1501 4.143
2.5477 -0.7747999999999999 5.1907000000000005
0.5829 -2.1501 5.3218000000000005
0.5829 -2.1501 5.3219
0.5829 -1.6261999999999999 5.6491
0.5829 -1.9536000000000002 5.5183
0.5829 -0.1854 5.1907000000000005
0.5829 -0.1854 5.191
0.5829 -0.1854 5.7804
0.5829 -2.2157 4.7327
0.5829 -2.2157 4.7325
0.5829 -0.4475 5.7804
-3.3467 -0.1848 4.8635
-3.3467 -0.2509 4.9289
10.8654 -2.6086 1.6543999999999999
10.8654 6.2329 -2.0136000000000003
10.8654 -2.1503 -1.9482
10.8654 -2.0192 -1.9479
6.9358 -0.9057000000000001 3.9463999999999997
6.9358 -1.6916 3.7500999999999998
6.9358 1.2558 3.4882000000000004
6.9358 0.3386 3.6844
6.9358 0.3386 3.6847
6.9358 0.3386 4.0119
6.9358 0.3386 3.9463999999999997
6.9358 3.4168 3.6844
6.9358 3.4168 3.4882000000000004
6.9358 -1.7572 3.4227
4.1198 -2.0845 -1.424
4.1198 -1.3643 -1.555
1.0413999999999999 3.3513 2.8333
1.0413999999999999 3.4821999999999997 3.8809000000000005
1.0413999999999999 3.6786 2.7679
1.0413999999999999 3.0894 3.9465
-0.9233999999999999 1.1900000000000002 5.714700000000001
-2.037 -3.0015 4.0120000000000005
-2.8882000000000003 1.7135999999999998 4.012099999999999
-2.8882000000000003 1.5827999999999998 4.8633999999999995
-2.8882000000000003 2.1066000000000003 4.3396
11.3239 -2.0192 0.3444
11.3239 3.4168 0.3444
11.3239 3.4168 -0.7688999999999999
9.3591 -1.7572999999999999 2.9641
4.5783 -2.6085000000000003 -2.0789
4.5783 -2.6742 -1.9477000000000002
0.38630000000000003 -3.7875 -0.4416
0.6486999999999999 3.2201 4.4052
-1.5785 3.2203000000000004 4.012099999999999
-1.5785 2.8271 3.9458
-1.5785 3.4823 1.3273
-1.5785 3.351 3.6838
-1.5785 -2.8049999999999997 4.0120000000000005
-1.5785 -3.4601 2.9637000000000002
-1.5785 -3.4601 -0.4411
-2.4297 2.9579999999999997 2.7016999999999998
