1293
0.6015999999999999 -5.4625 -1.7126
-2.6752000000000002 -4.0148 -4.9135
-2.6752000000000002 -3.9385000000000003 -4.6845
-3.5136000000000003 -3.7862 -4.9135
-0.23679999999999998 -5.2338000000000005 3.0113999999999996
-0.23679999999999998 -5.691199999999999 0.0398
-3.4368000000000003 -4.3197 2.0211
-3.4368000000000003 2.1574 -2.8565
-3.4368000000000003 3.3005 -2.8565
2.2016 -4.2432 2.7824
2.2016 -2.6432 3.6207999999999996
2.2016 3.6813 -8.9518
2.2016 3.8339 -9.0283
2.2016 2.3102 -6.5902
2.2016 2.9958 -6.8187999999999995
2.2016 4.0623 -9.0277
2.2016 3.6051 -7.656300000000001
2.2016 -2.5668 4.077999999999999
2.2016 4.2912 -11.2381
2.2016 -3.7861 3.6207999999999996
2.2016 -2.6433 3.6207999999999996
2.2016 -0.8139000000000001 4.3066
2.2016 3.7575 -11.2381
2.2016 3.7575 -9.0283
2.2016 4.1387 -9.0283
2.2016 2.5387 -6.2094000000000005
2.2016 2.3101 -6.0568
2.2016 2.3101 -6.5903
2.2016 4.2145 -11.2381
2.2016 4.2145 -9.5619
2.2016 3.2243 3.8493
2.2016 4.0622 -9.0277
-1.0752 2.2339 -4.9135
-1.0752 2.1574 -4.9135
-4.2752 -2.1098 -4.9135
4.64 -1.9571999999999998 1.1824
4.64 7.5673 1.1828999999999998
4.64 -1.7283 1.1825999999999999
-1.9136 7.567699999999999 -2.8562
-1.9136 3.3005 -2.8562
1.44 7.567699999999999 -4.6084
3.3449 7.567699999999999 -0.8748
3.3449 3.3005 -0.8748
-3.2087 -4.0148 -4.9135
-3.2087 -3.9385000000000003 -2.8565
-3.2087 -4.6244 1.8682
-3.9703000000000004 3.3769 -2.856
-3.9703000000000004 2.8434 -10.019
-3.9703000000000004 7.567699999999999 -2.7796000000000003
1.6681000000000001 -4.7767 -5.1431
1.6681000000000001 3.2251000000000003 4.611400000000001
1.6681000000000001 -4.015 -11.2381
1.6681000000000001 -4.015 -8.8753
1.6681000000000001 3.2243 4.611400000000001
-4.8087 0.1764 0.8776
-4.8087 3.1481000000000003 -0.8746
-4.8087 -2.7194 -0.8746
-4.8087 -1.1954 -2.856
-4.8087 0.3286 -1.1037
-4.8087 -2.2616 0.26789999999999997
-4.8087 -2.1858 0.2682
4.1065 -2.4911 -11.2381
4.1065 -2.3387000000000002 -11.2381
4.1065 -2.3387000000000002 -4.914700000000001
4.1065 -3.0245 -4.914700000000001
4.1065 -3.6337 1.4112
-3.6654 -4.0148 -2.8565
-3.6654 7.567699999999999 -3.1611000000000002
1.973 7.567699999999999 -2.7796000000000003
1.973 7.567699999999999 -2.856
1.973 2.1574 -4.6084
1.973 3.3005 -2.7796000000000003
1.973 3.3005 -2.856
-4.5038 -3.6336 -1.3325
-4.5038 7.567699999999999 -1.7895
-4.5038 -3.5575 0.1922
-4.5038 -0.967 -4.914700000000001
-4.5038 0.32889999999999997 -0.8752
-2.0654 3.3005 -4.4561
-2.0654 -4.3956 -11.2381
-2.9038 3.7574000000000005 -8.8756
-2.9038 -4.0147 3.0116
2.8114 -4.2432 2.8587000000000002
2.8114 3.9098 -9.7142
-3.7421999999999995 -3.9385000000000003 1.9444
-3.7421999999999995 -2.7957 1.8682
1.5163 -5.5385 1.4112
-1.7605 3.2243 4.0783
3.8779 -2.872 -11.2381
3.8779 7.567699999999999 -2.856
3.8779 -4.3194 -1.3324
3.8779 2.1574 -2.8563
3.8779 2.1574 -3.0086000000000004
3.8779 -2.3387000000000002 -6.361999999999999
3.8779 2.3864 -7.504700000000001
3.1163 -4.0144 -4.9135
2.2779000000000003 -1.6524 4.2303
2.2779000000000003 3.2243 4.3066
1.4395 7.2623999999999995 4.611400000000001
4.7162999999999995 3.2251000000000003 1.1828999999999998
4.7162999999999995 -0.357 -4.9135
4.7162999999999995 -0.5856 -4.3797999999999995
4.7162999999999995 0.024 1.1825999999999999
4.7162999999999995 -0.6617999999999999 -4.3797999999999995
4.7162999999999995 3.2243 1.2588
-1.8373 -4.2434 3.6207000000000003
3.3444000000000003 3.3765000000000005 -8.9518
2.5828 3.2251000000000003 4.1539
2.5828 -0.5852999999999999 4.154100000000001
2.5828 3.2243 4.154100000000001
1.7444000000000002 -4.2435 -5.752199999999999
-4.7324 3.1481000000000003 -0.8752
-4.7324 7.1865 0.9538
-4.7324 -2.2623 -4.2274
4.182799999999999 -2.6432 1.1825999999999999
4.182799999999999 -0.4331 2.5539
4.182799999999999 2.2334 -8.4951
4.182799999999999 1.1668 -11.2381
4.182799999999999 1.1668 -8.9524
4.182799999999999 2.3095999999999997 -11.2381
4.182799999999999 3.2243 2.5539
-2.3708 -3.4053 3.773
-2.3708 2.3863 -6.0565
-2.294 -4.7008 1.8680999999999999
2.8877 -3.8621999999999996 -11.2381
4.4877 -2.6432 -0.6461
4.4877 1.4715 -7.6576
4.4877 -0.8906000000000001 -4.914700000000001
4.4877 1.7002 -11.2381
4.4877 3.3005 -0.6461
0.4493 -2.6433 4.2303
-4.1226 2.5387 -9.0283
-1.7610000000000001 4.443 -11.2381
-1.7610000000000001 3.9859 -11.2381
-1.7610000000000001 4.2908 -9.0283
1.5926 -5.3861 2.0971
-1.6842 -1.1954 4.535299999999999
0.7542 3.3769 -4.8370999999999995
3.1158 -4.015 -2.8565
3.1158 -4.472099999999999 -2.8565
-0.161 1.0146 -4.761
-0.161 0.786 -4.5323
-0.161 2.1572999999999998 -4.9135
-0.161 2.1572999999999998 -4.5323
-3.361 0.6334000000000001 -3.8468
-3.361 3.3012 -0.8752
-3.361 0.5571999999999999 -4.5323
2.2774 -4.9293 2.5542
2.3542 7.4146 4.2299999999999995
-4.1994 -4.0908 0.1152
-4.1994 -4.0908 -0.799
-4.1994 -1.1196 -8.8753
1.0591 -5.614800000000001 1.4112
1.0591 -5.2338000000000005 -2.8558
2.5823 3.3005 -4.1512
-4.6560999999999995 3.2251000000000003 1.335
-4.6560999999999995 -2.9482999999999997 -2.8565
-4.6560999999999995 3.1481000000000003 -1.4847000000000001
-4.6560999999999995 3.1481000000000003 1.335
-4.6560999999999995 7.567699999999999 -0.8752
-4.6560999999999995 7.567699999999999 -0.8748
-4.6560999999999995 -2.186 -4.9135
4.2591 2.005 -8.4187
4.2591 0.938 -11.2381
4.2591 -0.662 -2.8565
4.2591 0.7097 -5.2188
4.2591 1.2427000000000001 -8.341800000000001
4.2591 1.7002 -7.4286
4.2591 -0.1286 -4.9903
4.2591 2.0812 -9.4082
4.2591 -0.2046 -4.914700000000001
4.2591 1.7761 -7.2752
2.964 -4.9292 -0.7988000000000001
2.964 -4.166799999999999 -2.475
2.964 -4.166799999999999 -2.856
2.964 -4.5479 -0.4177
2.964 -4.5479 -2.856
-3.5128 0.6334000000000001 -4.9135
2.1256 2.1574 -3.9229
2.1256 0.7858999999999999 -3.9229
-1.1512 -4.4718 -5.447699999999999
-1.1512 -4.6243 -11.2381
-1.1512 -4.548 -4.914700000000001
-1.1512 -4.2436 -11.2381
-1.1512 -4.7005 -11.2381
-1.1512 -4.9291 -4.914700000000001
-1.1512 -4.2435 -11.2381
-1.1512 -4.2435 -8.8753
-1.1512 -4.472099999999999 -5.6000000000000005
-1.1512 -4.853 -4.914700000000001
3.6488 0.7096 -3.9229
2.4305 4.0622 -9.1049
4.7921 -2.6432 -2.2460999999999998
4.7921 -2.6432 -0.3414
4.7921 -2.6433999999999997 -0.3414
4.7921 -2.8721 -1.2559
-1.6078999999999999 -5.5386999999999995 0.116
-1.6078999999999999 -5.5386999999999995 1.3347
4.0305 -0.12869999999999998 -2.856
4.0305 -1.6524 2.6303
4.0305 0.1 -2.6273999999999997
-2.5231 -4.5483 1.9444
-2.5231 -5.234 1.2585000000000002
-2.5231 -4.8528 0.1158
3.1921 3.2242 -7.9611
-3.2847 -4.853 -0.6466000000000001
2.3537 -5.3102 -0.1131
2.3537 -5.3100000000000005 1.1062
-2.2182 -1.9571999999999998 4.2304
-3.8182 -3.9383 0.1152
-3.8182 -3.329 -5.3715
-3.8182 -3.5576000000000003 -2.6271
-3.8182 -2.2622 -11.2381
-3.8182 -3.4815 -2.8558
-3.8182 -2.1101 -11.2381
-3.8182 -2.1101 -8.8753
-3.8182 -2.9482 -4.914700000000001
-3.8182 -2.8714 -11.2381
-3.8182 -2.8714 -4.914700000000001
-3.8182 -3.4049000000000005 -4.914700000000001
-3.8182 -0.1281 3.0877000000000003
-3.8182 -4.4719 0.1152
-3.8182 -4.3956 0.1152
-3.8182 -4.0149 -2.8558
-3.8182 -3.0244 -11.2381
-3.7414000000000005 0.6334000000000001 -4.0752999999999995
-1.3798 -4.6243 -11.2381
3.8019 0.9386 -4.9140999999999995
3.8019 0.4047 -2.8565
-2.7517 7.338500000000001 4.0017
-2.7517 3.9859 -9.5619
-1.1517 3.3005 -4.7608999999999995
-4.3517 -2.7194 0.2682
-4.3517 0.3286 -2.7796000000000003
-1.0749 -4.5483 -4.9908
-1.0749 4.6719 -9.5619
-3.2084 -2.7194 2.7828
-3.2084 -4.4719 -2.8558
-4.046799999999999 -2.7191 -11.2381
-4.046799999999999 0.7098 -4.8372
-4.8084 -2.1098 -2.8565
4.1068 -2.262 -4.9908
1.1349 7.567699999999999 -4.6847
3.5733 -2.3382 3.0875
3.5733 -0.9667 3.3162
3.5733 3.2243 3.3162
2.7348999999999997 -3.5576000000000003 -6.8956
2.7348999999999997 -3.4052 -11.2381
2.7348999999999997 -5.0817 1.4112
-3.7419000000000002 3.3769 -3.1611000000000002
-3.7419000000000002 3.2251000000000003 3.1635999999999997
-3.7419000000000002 -4.0148 -2.8565
-3.7419000000000002 7.5673 3.0872
-3.7419000000000002 3.2243 3.164
1.8964999999999999 4.2912 -9.0283
3.0398 -2.6432 3.5446999999999997
3.0398 3.2243 3.8493
-3.437 -4.7767 0.1158
-3.437 3.1481000000000003 -2.856
2.2782 -4.2432 3.3160000000000003
2.2782 -2.872 4.002
-4.2754 -0.7382 -2.8565
-4.2754 -0.9668 -11.2381
-4.2754 -0.9668 -8.8753
-4.2754 2.3098 -11.2381
-4.2754 2.3098 -9.3321
-4.2754 1.6238 -6.7433000000000005
4.6398 3.3769 -1.5609
4.6398 7.567699999999999 -0.8752
4.6398 7.567699999999999 1.1825999999999999
4.6398 -3.2531 0.039599999999999996
4.6398 -2.8721 -2.856
4.6398 -3.3293000000000004 -0.3414
4.6398 -3.3293000000000004 -1.1798
-1.8370000000000002 -4.7767 -4.8369
3.3446999999999996 7.567699999999999 -3.4657
3.3446999999999996 7.567699999999999 -0.8752
3.3446999999999996 0.7095 -3.6182
3.3446999999999996 3.3005 -0.8752
3.3446999999999996 0.6333 -4.7608
-3.1321000000000003 3.3005 -3.7708
-1.6089 3.3769 -4.6085
-1.5321 -2.7956000000000003 4.3827
4.1063 2.3102 -8.5707
4.1063 2.3864 -9.0277
4.1063 2.3864 -8.5707
4.1063 0.7096 -2.9324
0.9063 4.2907 -8.265799999999999
-2.3705 3.2251000000000003 4.3066
-2.3705 2.2335000000000003 4.3066
-4.504 -0.7383 -4.9135
-4.504 0.25270000000000004 -4.914700000000001
-4.504 3.1481000000000003 0.2682
-4.504 -2.7194 1.2587
-4.504 -2.1096 -3.085
-4.504 -0.7382 -4.9135
-4.504 -0.9668 -4.914700000000001
-1.2272 4.2907 -8.341999999999999
4.4112 -2.6433999999999997 -0.3414
4.4112 -3.5578 0.5728
4.4112 -2.5673000000000004 -5.067
4.4112 -0.6617999999999999 -4.9135
4.4112 -2.8721 1.4112
1.2112 -4.6246 3.5446
-2.0656 -1.3475000000000001 4.3827
-2.0656 3.2243 3.9257
0.3728 -4.2432 3.6211
0.3728 -2.6432 4.3067
0.3728 -5.3102 -2.7795
0.3728 -5.3102 -0.0369
0.3728 3.2251000000000003 4.7638
0.3728 -0.8906000000000001 4.535200000000001
0.3728 -5.6911000000000005 0.192
0.3728 -5.6911000000000005 1.4112
0.3728 -5.3862 0.1158
0.3728 -5.3862 0.0393
0.3728 -5.614800000000001 0.1158
0.3728 -1.805 4.764
0.3728 -5.5385 1.9446
0.3728 -5.0055000000000005 -2.3983
0.3728 -5.0055000000000005 -2.856
0.3728 3.3012 3.4688
0.3728 -4.0908 4.0781
0.3728 -0.814 4.8402
0.3728 -4.0145 3.6975000000000002
0.3728 -5.615 0.1152
0.3728 -5.615 -0.7228
0.3728 -5.3101 1.9446
0.3728 -4.2436 4.002
0.3728 -5.0052 -2.3223000000000003
0.3728 -5.2338000000000005 1.9446
0.3728 -1.1954 4.4591
0.3728 -5.4624 -1.789
0.3728 -2.6433 4.5354
0.3728 2.9951 4.8402
0.3728 0.7866 4.4591
0.3728 2.3098 -4.9138
0.3728 -4.0907 4.0781
0.3728 -5.691199999999999 0.116
0.3728 7.5673 4.7638
0.3728 7.5673 3.3927
0.3728 -5.3863 0.0398
0.3728 -5.6149 1.8680999999999999
0.3728 -5.6149 0.0393
0.3728 -5.3100000000000005 2.8590999999999998
0.3728 -5.3100000000000005 -0.037
0.3728 -5.3100000000000005 -2.7795
0.3728 -4.1672 3.6975000000000002
0.3728 -4.1672 3.621
0.3728 -4.7007 3.621
0.3728 3.2243 4.4591
-2.904 3.9097 -11.2381
2.8112000000000004 -4.2432 -5.067
2.8112000000000004 -3.9388 -10.3226
2.8112000000000004 -3.4812999999999996 -7.0479
2.8112000000000004 -3.8621999999999996 -11.2381
2.8112000000000004 -3.7859 -4.914700000000001
2.8112000000000004 -3.4052 -8.8753
2.8112000000000004 -3.8626 -11.2381
2.8112000000000004 -3.8626 -4.914700000000001
2.8112000000000004 -3.3287999999999998 -11.2381
2.8112000000000004 -3.3287999999999998 -8.8753
2.8112000000000004 -4.1672 -5.2193000000000005
-0.4656 -5.691199999999999 1.1060999999999999
1.5161 -5.5388 0.1152
-2.5991 -2.7194 3.8494
-0.9991 -5.6149 -0.037
-4.1991 -0.9664 2.4779
-4.1991 2.0048 2.5539
-4.1991 1.5479 -8.1142
-4.1991 2.2335000000000003 -8.1142
-4.1991 2.3098 -11.2378
-4.1991 1.3954 -11.2378
4.7161 7.567699999999999 1.1063
4.7161 7.567699999999999 -0.8748
4.7161 3.3005 1.1825999999999999
4.7161 -1.8049 -4.914700000000001
0.1442 4.672 -9.1049
0.1442 4.3674 -11.2381
0.1442 4.3674 -9.0283
0.1442 4.1383 -7.8849
0.1442 4.2146 -8.9515
0.1442 4.5958 -9.0283
0.1442 4.748200000000001 -9.5619
0.1442 4.8245000000000005 -11.2381
0.1442 4.8245000000000005 -10.857
0.1442 4.5959 -9.0277
0.1442 2.3101 -6.285499999999999
0.1442 2.3864 -5.8279
0.1442 4.3671 -11.2381
0.1442 4.3671 -9.0283
-3.1326 5.4336 1.335
-3.1326 -4.0148 1.8682
-3.1326 2.31 -6.4378
-3.1326 2.9196 -7.1998999999999995
-3.1326 7.5673 1.335
2.5826000000000002 -3.9384 -4.8369
2.5826000000000002 -4.0144 -4.9135
-3.8941999999999997 2.1572999999999998 -2.8563
-4.7326 -0.9669000000000001 -2.8565
-4.7326 1.0900999999999998 -8.723
-4.7326 1.1664 -11.2381
-4.7326 3.1481000000000003 -1.1799
-4.7326 3.1481000000000003 -0.8752
-4.7326 6.8811 -0.9511999999999999
-4.7326 -2.7194 0.1152
-4.7326 -2.7194 -2.7795
-4.7326 -2.7194 -2.856
-4.7326 -0.9668 -11.2381
-4.7326 -0.967 -11.2381
-4.7326 -1.9571999999999998 -4.9135
-4.7326 -0.2046 -4.8369
-4.7326 -2.7195 0.1158
-1.4558 7.5673 4.611400000000001
0.9825999999999999 4.672 -9.5619
-2.2942 1.7762 -5.1425
-2.2942 -3.71 -11.2381
-2.2942 -3.71 -8.8753
-2.7508999999999997 7.567699999999999 -3.9988
-3.5893 -1.4999 3.2401
-4.4277 3.1481000000000003 -0.8752
-4.4277 0.024399999999999998 2.0967
-4.4277 -2.7194 1.335
-1.1509 -5.233899999999999 -2.856
4.4875 -2.6432 -0.6462
4.4875 -2.6432 1.335
4.4875 7.567699999999999 -1.7895
4.4875 -2.3387000000000002 -4.9908
4.4875 3.3005 -1.9414
4.4875 0.1 -0.7987
4.4875 0.4049 -0.6462
4.4875 -1.8814000000000002 -3.1611000000000002
4.4875 -1.8046 1.7162
4.4875 -2.5672 -4.6845
-1.9893 -5.0816 -2.5507999999999997
-1.9893 1.7766 -4.9138
0.4491 3.2245000000000004 -6.7425
-2.8277 2.3097 -6.133
-4.1228 3.2251000000000003 2.6307
-4.1228 0.6334000000000001 -2.8563
4.7924 -2.6432 -0.6462
4.7924 0.1 -1.1799
4.7924 0.1 -0.6462
4.7924 -2.4907 -2.856
4.7924 -1.2716 -2.856
-1.7611999999999999 0.786 -4.0752999999999995
-1.7611999999999999 -5.0812 2.7067
-1.7611999999999999 2.1572999999999998 -4.0752999999999995
-1.6844000000000001 -4.1672 3.6975000000000002
3.9539999999999997 1.8526 -2.8563
3.1924 -3.9384 -2.8565
-3.3612 -2.6432 2.5539
-3.3612 3.3012 -0.8748
-3.3612 7.567699999999999 -0.8748
-3.2843999999999998 0.6334000000000001 -4.0752999999999995
2.3539999999999996 2.2335000000000003 -6.5897
2.3539999999999996 2.3098 -6.5897
1.0589 2.1574 -4.9135
3.4972999999999996 0.7095 -4.9135
-3.0563 -3.7859999999999996 -11.2381
-0.6179 -3.2529000000000003 4.459
-3.8179 7.567699999999999 -2.9325
-3.8179 7.567699999999999 -2.8562
-4.6563 -0.9664 1.4112
-4.6563 -0.7383 -2.8565
-4.6563 -2.5666 0.8776
-4.6563 3.1481000000000003 1.335
-4.6563 -2.1096 -4.9135
-4.6563 -0.6618999999999999 -3.085
-4.6563 -1.1951 1.335
-4.6563 3.2243 1.335
-1.3795 3.3773 4.6876
-1.3795 -1.8051000000000001 4.6116
-1.3795 3.2243 4.6877
4.258900000000001 0.4809 -4.9135
4.258900000000001 -0.6617999999999999 -2.8565
4.258900000000001 -0.6617999999999999 -3.9227
2.887 2.1574 -3.9229
2.887 2.1574 -3.9991
2.9638 -4.4718 1.4112
2.9638 -4.624099999999999 -0.3414
2.9638 -4.8526 1.4112
2.9638 -5.0049 0.2683
2.9638 -5.0049 0.649
-0.313 2.3098 -4.9138
-4.3514 0.7861999999999999 -0.9511999999999999
-4.3514 3.1481000000000003 -0.9511999999999999
-4.3514 -2.7194 -2.8558
-4.3514 0.32889999999999997 -2.7034
-4.3514 -2.7195 0.1922
4.5638 -2.6432 1.0299
4.5638 1.4715 -8.9514
4.5638 -1.8812 -2.8565
4.5638 -1.8814000000000002 -2.8565
4.5638 -0.4332 -2.8565
4.5638 -3.0239 -3.0086999999999997
3.7254 2.3099000000000003 -11.2381
3.7254 2.3099000000000003 -9.0283
3.7254 2.3102 -9.0277
3.7254 2.9958 -9.0283
3.7254 -4.0144 -3.0086999999999997
3.7254 0.7096 -2.8563
-3.2081 -3.1005000000000003 3.2398000000000002
-4.0465 -4.167400000000001 0.7256
1.5918999999999999 -4.5481 -11.1607
4.8687000000000005 3.3769 0.26789999999999997
4.8687000000000005 -0.20500000000000002 -0.7226
4.8687000000000005 3.3005 -0.2652
4.8687000000000005 -1.8046 -2.5511
4.8687000000000005 -2.3381 -0.6462
-4.8849 -0.5857 -0.8746
-4.8849 -1.0429000000000002 0.26789999999999997
-4.8849 3.1481000000000003 0.26789999999999997
-4.8849 3.1481000000000003 0.2682
-4.8849 -2.4143999999999997 -0.7223
-1.6081 -4.0907 3.2401
4.0302999999999995 -3.2529000000000003 2.0211
4.0302999999999995 0.7095 -4.9135
4.0302999999999995 -2.6433 1.4112
-2.4465 -4.4718 -4.914700000000001
-2.4465 -4.167400000000001 -11.2381
-2.4465 -3.71 -11.2381
-2.4465 -3.71 -8.8753
3.2687 -4.8527000000000005 -0.3414
3.2687 -3.5573 -11.2381
3.2687 -4.7003 -1.5608
3.2687 -3.9384 -4.914700000000001
3.2687 -4.167 1.4112
-3.2849000000000004 -2.7194 2.7828
2.3535 -4.8529 -2.9326000000000003
-4.58 7.567699999999999 1.335
-4.58 3.2243 1.7162
4.3352 -2.6432 -2.856
1.1352 -5.1575999999999995 2.9352
3.4968 2.3864 -6.8187999999999995
2.6584 7.491200000000001 -4.075
-3.7415999999999996 -2.7199 1.9449999999999998
-3.7415999999999996 -3.5576999999999996 2.3258
3.8017000000000003 3.2251000000000003 3.0872
3.0401000000000002 3.2251000000000003 3.849
3.0401000000000002 -4.9292 -0.7988000000000001
-3.5135 3.2243 2.7064999999999997
-3.5135 3.2243 2.7828
4.6400999999999994 -0.7382 -2.8565
-1.9135 -5.3102 1.9446
-1.9135 4.443 -9.8667
-3.2086000000000006 -3.9385000000000003 1.9444
-3.2086000000000006 -4.0145 1.9444
4.1066 2.3099000000000003 -9.0283
4.1066 0.7095 -2.8565
4.1066 7.5673 2.5542
-4.5037 -2.1098 -2.9326000000000003
-4.5037 -2.5669999999999997 -4.9135
4.4115 -0.662 -4.9135
4.4115 -2.7196000000000002 1.4874999999999998
4.4115 -2.6433 1.4874999999999998
-2.0653 4.2146 -8.9515
3.5730999999999997 2.2334 -7.9612
3.5730999999999997 3.2244 -9.7142
3.5730999999999997 0.5574 -4.9901
2.7347 -4.3198 2.8588999999999998
2.7347 -5.0813999999999995 1.4874999999999998
2.8115 3.1482 -7.3523000000000005
-3.7421 -2.6432 2.7828
1.5164 1.5478 -4.9135
3.878 2.8434999999999997 -11.2381
3.0396 3.3005 -3.8466
3.1164 3.6811999999999996 -11.2381
-3.4372 0.7861999999999999 -2.7796000000000003
-3.4372 3.1481000000000003 -2.7796000000000003
-3.4372 3.1481000000000003 -2.856
2.278 0.7858999999999999 -3.9229
-4.2756 -2.338 -11.2381
-4.2756 -0.967 -11.2381
-1.8372 7.567699999999999 -4.4561
3.3445 1.2432 -4.9135
-3.2091000000000003 3.2251000000000003 3.6971
-3.2091000000000003 3.3012 1.335
3.4213 -4.0144 -4.0749
-3.9707 3.1481000000000003 -2.856
-0.6939 -4.7007 3.621
-3.8939000000000004 2.9196 -11.2381
-1.4555 -5.4624 -1.0274999999999999
4.1829 -2.6432 1.1824
4.1829 2.3099000000000003 -11.2381
4.1829 -3.6338000000000004 -2.7797
4.1829 2.3863 -10.3233
4.1829 -0.1286 -4.9903
4.1829 -2.5669999999999997 0.9538
4.1829 -4.0907 -0.3414
4.1829 1.3191 -8.4187
3.2676999999999996 1.2430999999999999 -4.9135
-3.6658000000000004 2.2334 -7.809099999999999
-3.6658000000000004 2.3097 -7.809099999999999
-3.6658000000000004 0.5574 -5.0663
-3.6658000000000004 0.5574 -4.99
-3.6658000000000004 2.1572 -6.5896
-3.6658000000000004 2.2333 -8.1136
-3.6658000000000004 1.0145 -4.9138
-3.6658000000000004 1.0908 -4.914000000000001
-1.2274 -4.167400000000001 -8.8753
-4.4274000000000004 7.5673 1.9448
1.2109999999999999 3.6051 -7.276000000000001
-1.989 3.8336 -9.0277
0.37260000000000004 3.2251000000000003 4.459
0.37260000000000004 3.3012 3.4688
0.37260000000000004 0.786 4.4592
0.37260000000000004 -1.1954 4.535299999999999
0.37260000000000004 3.3773 4.839799999999999
0.37260000000000004 -0.9665 4.8402
0.37260000000000004 7.5673 3.3926
0.37260000000000004 7.5673 4.7638
0.37260000000000004 3.2243 4.8402
0.37260000000000004 3.2243 4.4592
3.6494 -3.2529000000000003 2.6308000000000002
3.6494 -2.3387000000000002 -11.2381
3.6494 -2.3387000000000002 -8.8753
3.6494 -2.7196000000000002 2.8587000000000002
3.6494 -3.9384 2.0974
3.6494 0.7096 -3.9229
-2.8274 -4.8527000000000005 1.9446
2.811 -4.7008 0.1158
2.811 -4.5482000000000005 1.4112
1.5159 -4.2437000000000005 3.6969000000000003
3.9543000000000004 2.2332 -7.3514
3.1159 -0.5095 3.7731
-0.1609 -4.7767 -3.9227
-0.1609 -5.0053 -4.9135
-0.1609 -4.7005 -4.9135
-0.1609 -5.234 -2.8565
-0.1609 -5.234 -3.3896999999999995
-0.1609 -4.9291 -2.9326000000000003
-3.3609 -4.7767 1.1062
-3.3609 -2.4145 3.3164
2.2775 1.2433 -4.9135
2.3543000000000003 2.1574 -3.7703
2.3543000000000003 0.7858999999999999 -3.7703
-0.9225000000000001 -4.2435 -8.8753
-0.9225000000000001 -4.1672 3.9257
4.7158999999999995 -1.9576 -4.6845
3.344 0.7096 -4.9135
0.14400000000000002 -1.1954 4.8402
3.4208000000000003 -2.6432 2.5544000000000002
3.4208000000000003 -2.3382 2.5544000000000002
3.4208000000000003 3.2243 2.8592
-0.6944 3.3005 -4.8369
-3.8944 -3.9383 -2.8558
-3.8944 -3.329 -5.3715
-3.8944 3.3005 -2.8565
-3.8944 3.3005 -2.9325
-3.8944 3.3005 -2.8562
-3.8944 -2.8714 -11.2381
-3.8944 -4.3956 -0.6466000000000001
-3.8176 2.1574 -3.085
1.8207999999999998 -3.9388 -11.2381
1.8207999999999998 -3.9388 -8.8753
1.8207999999999998 -4.7006 -4.9908
1.8207999999999998 -4.319599999999999 -4.914700000000001
1.8207999999999998 -4.3957999999999995 -11.2381
-1.456 -4.853 -4.9908
-2.2944 4.2908 -11.2381
2.8872999999999998 -4.624700000000001 -0.0369
2.8872999999999998 -4.1672 -2.7033
-3.5895 2.2334 -7.809099999999999
-3.5895 0.5574 -4.99
-4.4279 3.1481000000000003 0.4206
-1.1511 -5.1577 2.9352
1.2873 -5.5388 -0.5704
1.2873 -5.614800000000001 0.3444
3.7257 2.2334 -11.2381
3.7257 2.2334 -8.4187
3.7257 -2.3382 -11.2381
3.7257 -2.1858 -11.2381
3.7257 -2.1858 -8.8753
3.7257 2.3095999999999997 -8.4187
-2.8278999999999996 3.6051 -8.1897
-2.8278999999999996 3.2243 4.001799999999999
-2.8278999999999996 2.1572999999999998 -4.0752999999999995
-4.123 1.5476 -8.1136
-4.123 -2.7194 1.335
-4.123 -2.643 1.1824
-4.123 -2.9484 1.9449999999999998
-4.123 -2.9484 2.0211
-4.123 2.0046999999999997 -7.1228
-4.123 3.2243 2.6303
-4.123 0.0243 -4.9902
4.7922 7.567699999999999 0.0397
4.7922 7.567699999999999 -0.5699
4.7922 3.3005 -0.9511999999999999
4.7922 3.3005 -0.6462
4.7922 3.3005 -0.8748
4.7922 0.1 -1.1799
4.7922 0.1 -0.6462
-1.6846 -5.0053 1.9446
-1.6846 -5.3862 1.9446
-1.6846 -5.3862 2.0209
-1.6846 -4.1671 3.6971999999999996
-1.6846 -5.0051 1.9446
-1.6846 -4.1672 3.621
3.9537999999999998 3.3005 -2.856
4.0306 3.3005 -2.7797
-2.5229999999999997 -4.3954 -5.6000000000000005
-2.5229999999999997 -5.234 -0.418
-2.5229999999999997 -4.3957999999999995 -2.8558
-2.5229999999999997 -4.853 -2.7033
3.1154 -4.6246 2.0211
0.8305999999999999 3.3005 -4.8369
3.1921999999999997 3.3012 1.2593
3.1921999999999997 3.3005 -3.6946
-0.0078 7.567699999999999 -3.4659000000000004
-0.0078 7.567699999999999 -4.7608999999999995
-0.0078 3.3005 -4.8370999999999995
-0.0078 3.3005 -3.4659000000000004
1.0587 3.2251000000000003 4.7638
1.0587 3.2243 4.7639000000000005
-2.2180999999999997 3.7574000000000005 -7.8849
-2.1413 3.9099000000000004 -8.1136
-2.1413 3.7575 -8.9515
-2.1413 2.9959 -6.7425
-2.1413 2.3101 -6.0568
-2.1413 2.3101 -6.514200000000001
-2.1413 2.3864 -6.6664
3.4971 -2.6432 2.4014
3.4971 -2.6432 2.935
3.4971 -2.3382 2.5544000000000002
3.4971 -2.5668 3.0878
3.4971 3.3005 -2.856
3.4971 3.3005 -2.7797
3.4971 0.7861 -2.7797
3.4971 -0.9667 3.3162
3.4971 -0.9667 3.3924999999999996
3.4971 3.2243 2.7824
3.4971 3.2243 2.8592
3.4971 3.2243 3.3162
3.4971 3.2243 3.3924999999999996
-0.6181 -1.8051000000000001 4.764
-1.4565 2.1572999999999998 -4.8372
3.8019999999999996 -4.2431 1.3348
-2.7516 -4.0145 -11.1607
-2.6748000000000003 2.1572999999999998 -4.0752999999999995
2.9636 -5.0055000000000005 0.1158
2.9636 -4.7006 0.1152
2.9636 -5.0052 0.1152
2.9636 -5.0052 -0.49420000000000003
2.9636 -4.5482000000000005 1.4112
2.9636 -4.624700000000001 -2.7033
2.9636 -4.1672 -2.8558
-3.5131999999999994 -2.7199 3.0116
2.1252 -0.8906000000000001 3.926
2.1252 -0.814 4.383
2.1252 -2.7196000000000002 3.6211
2.1252 7.5673 2.7066
-4.3515999999999995 -0.7383 -4.0749
-4.3515999999999995 -0.9669000000000001 -2.8565
-4.3515999999999995 1.9287999999999998 -7.8099
-4.3515999999999995 -2.1096 -4.4559
-4.3515999999999995 -2.1096 -4.9135
-1.9132 0.786 -3.9989
-1.9132 0.786 -4.0752999999999995
-1.9132 2.1572999999999998 -3.9989
2.4301 -5.157500000000001 -1.1801000000000001
2.4301 1.6241999999999999 -4.9135
2.4301 -4.167 -11.2381
-0.8467 -5.0053 -4.9135
-4.0467 -2.7194 1.4112
-4.0467 2.31 -7.8849
-4.0467 -3.6337 1.7156
-1.6083 -4.7768999999999995 3.2397
-1.6083 -4.1672 3.1635999999999997
3.2685 3.3012 1.1825999999999999
3.2685 7.5673 3.6209
3.2685 7.5673 1.1825999999999999
-0.0083 -5.0054 -5.5238000000000005
-4.5802000000000005 -2.338 -4.9908
-4.5802000000000005 -3.3291 -2.1699
-4.5802000000000005 1.6238 -8.9514
-2.1418 4.1385 -9.0277
-2.1418 1.3192000000000002 -5.0661
-2.1418 1.4718 -5.447
-2.1418 3.7574000000000005 -9.0277
-2.1418 2.31 -6.5902
-2.1418 2.3863 -6.0565
-2.1418 7.5673 4.3066
-2.0650000000000004 2.1574 -4.5323
-2.0650000000000004 3.3005 -4.4559
-3.7418 -3.5576000000000003 -2.8558
-3.7418 -3.5576000000000003 -2.6271
-3.7418 -2.872 -5.2193000000000005
-3.7418 -2.2622 -11.2381
-3.7418 -2.2622 -8.8753
-3.7418 2.31 -9.0277
-3.7418 -4.0149 0.1152
-3.7418 -4.3957999999999995 -1.5602
1.8966 -1.5003 4.4591
3.8015 7.567699999999999 -3.0086999999999997
3.8015 7.567699999999999 -2.8562
3.8015 3.3005 -3.0849
-3.4368999999999996 0.786 -2.8563
-3.4368999999999996 3.3766 -9.1049
-3.4368999999999996 2.1572999999999998 -2.8563
2.2015 -4.2432 3.3163
2.2015 -2.6432 3.6974
2.2015 3.2251000000000003 4.3065
2.2015 3.2251000000000003 3.9255
2.2015 -0.8906000000000001 4.3067
2.2015 -0.8906000000000001 4.0021
2.2015 3.3012 2.7066
2.2015 -3.2529000000000003 3.9255999999999998
2.2015 -2.6433 4.0781
2.2015 -4.167 2.859
2.2015 -1.3478999999999999 4.3067
2.2015 7.5673 4.3065
2.2015 7.5673 2.7066
2.2015 3.2243 3.9258
2.2015 3.2243 4.306900000000001
-4.2753 -2.6432 1.8686
-4.2753 3.1481000000000003 1.2586
-4.2753 0.4815 -2.856
-4.2753 3.2243 1.335
-0.9985 -0.9665 4.7639000000000005
4.6399 -1.1955 -11.2381
4.6399 3.3005 -1.5610000000000002
4.6399 0.1 -1.9415000000000002
4.6399 -0.8907 -11.2381
-3.2087999999999997 3.3012 1.335
-3.2087999999999997 7.567699999999999 1.1063
-3.2087999999999997 7.567699999999999 1.335
-3.132 -4.0148 -2.8565
-3.132 -4.091 -4.9135
2.5063999999999997 1.5478 -4.9135
2.5063999999999997 2.2334 -6.665799999999999
2.5063999999999997 1.4718 -5.5995
2.5063999999999997 2.3097 -6.133
2.5063999999999997 1.3193 -5.3711
2.5063999999999997 1.167 -4.9135
2.5063999999999997 2.3098 -6.0563
-4.8088 -0.7383 -4.9135
-4.8088 0.25270000000000004 -6.5143
-4.8088 -2.9482999999999997 -1.5602
-4.8088 -0.4331 -4.914700000000001
-4.8088 -0.7382 -4.9135
-4.8088 -0.9668 -4.914700000000001
-4.8088 -1.0433 -6.590400000000001
-4.8088 -0.967 -4.914700000000001
-4.8088 -1.6528 -4.914700000000001
-4.8088 -0.7381000000000001 -10.627699999999999
-4.8088 0.7091000000000001 -11.2381
-1.532 4.5958 -11.2381
4.106400000000001 -2.6433999999999997 1.1825
4.106400000000001 -4.166799999999999 0.2683
0.9063999999999999 -2.872 4.5354
0.9063999999999999 -2.0335 4.6877
-2.3704 -4.0912 -4.914700000000001
-3.6655 -2.7194 2.8592
-4.503900000000001 -2.7194 -0.8752
-4.503900000000001 0.3286 -0.8752
4.4113 -2.7197 -0.3414
4.4113 3.3005 -0.7226
4.4113 0.7861 -0.7226
1.2113 -3.3292 4.3065
3.6497 3.2243 3.2399999999999998
1.5162 -4.8529 -4.8369
-1.7606 3.6811999999999996 -7.504
0.6778000000000001 2.2335000000000003 -4.9135
0.6778000000000001 7.5673 4.7638
-0.1606 -5.3102 -2.9326000000000003
-0.1606 -5.0053 -4.9135
-0.1606 -5.0053 -2.8565
-0.1606 1.0146 -4.7608999999999995
-0.1606 0.786 -4.5325
-0.1606 -4.7005 -4.6845
-0.1606 -4.7005 -4.9135
-0.1606 -4.9291 -2.9326000000000003
-0.1606 -5.6149 -0.8753000000000001
-0.1606 2.1572999999999998 -4.913399999999999
-0.1606 2.1572999999999998 -4.5325
2.2778 -4.5483 -4.9135
-4.199 -3.6336 -2.9326000000000003
-4.199 3.1481000000000003 -2.551
-4.199 -4.0145 0.1158
-4.199 0.5571999999999999 -2.8565
-4.199 -2.7195 1.9444
4.716200000000001 -0.662 -4.9135
4.716200000000001 0.48129999999999995 -6.819500000000001
4.716200000000001 -0.8906000000000001 -11.2381
4.716200000000001 -0.8906000000000001 -4.914700000000001
4.716200000000001 -0.2808 -4.914700000000001
4.716200000000001 0.8614999999999999 -11.2381
4.716200000000001 0.8614999999999999 -9.0275
4.716200000000001 -1.8812 -4.9135
4.716200000000001 3.3005 1.1824
4.716200000000001 -0.7378 1.1824
-1.8374000000000001 3.9097 -9.0283
-3.1325 -4.0907 -4.914700000000001
-0.6941 3.2251000000000003 4.839799999999999
-0.6941 4.5959 -9.0277
-0.6941 3.2243 4.8402
-3.8941000000000003 2.8434 -9.0277
1.7443 4.2907 -8.7993
-4.7325 -2.7194 0.26789999999999997
4.1827000000000005 -4.0908 -0.3414
4.1827000000000005 3.3773 2.5542
0.9827 -0.8906000000000001 4.764
2.8876 -2.6433 3.6207999999999996
2.8876 2.3864 -6.285399999999999
-3.5892 1.0908 -4.9135
2.0492 3.8336 -9.0277
2.0492 3.8339 -11.2381
2.0492 3.8339 -9.0283
-4.4276 -2.7194 0.1152
-4.4276 -2.643 -4.9908
1.2108 2.1572999999999998 -4.913399999999999
4.4876 -2.3382 -5.2193000000000005
4.4876 -0.8907 -4.914700000000001
4.4876 7.5673 1.7162
-1.9892 3.2251000000000003 4.0779000000000005
-1.9892 3.2251000000000003 4.459
-1.9892 -1.6527 4.3827
-1.9892 -0.5854 4.4592
-1.9892 3.3012 2.859
-1.9892 -1.1954 4.0781
-1.9892 -1.1954 4.0783
-1.9892 -2.7191 3.7735
-1.9892 -2.7191 4.1545
-1.9892 7.5673 4.3066
-1.9892 7.5673 2.859
-1.9892 3.2243 4.4592
-1.9892 3.2243 4.0783
0.3724 -1.1954 4.764
0.3724 -2.7191 4.6116
0.3724 -1.2719 4.4591
0.44920000000000004 -4.9289 -2.8558
0.44920000000000004 -5.3100000000000005 1.4112
-4.1227 0.6334000000000001 -4.9135
4.7925 -0.2808 -7.276299999999999
4.7925 -1.1192 -3.3896999999999995
4.7925 0.10020000000000001 -10.703899999999999
4.7925 -1.424 -4.9135
4.7925 -1.8812 -2.8565
4.7925 -2.4147 -2.8565
4.7925 3.3005 -0.8752
4.7925 -1.8814000000000002 -2.8565
-1.6843000000000001 2.3864 -5.9046
3.9541 -3.2529000000000003 -5.067
0.7541 -5.0054 -4.9908
-3.2842999999999996 -4.396 -3.0086999999999997
2.3541 4.2145 -11.2381
-0.9227000000000001 4.2146 -8.1136
-2.2178 -4.9291 -2.8565
0.1438 4.2146 -8.9515
0.1438 4.367 -9.0277
0.1438 4.5959 -8.875399999999999
0.1438 2.5387 -5.9807
0.1438 2.3101 -6.285499999999999
0.1438 2.3101 -5.8279
0.1438 3.9859 -7.656300000000001
3.4206 2.1574 -2.8563
3.4206 0.7858999999999999 -2.8563
-3.8946 0.32889999999999997 -2.856
-3.8177999999999996 2.1572999999999998 -3.0848
1.8206 -4.015 -8.8753
1.8206 -4.3959 -11.2381
1.8206 -4.3959 -4.914700000000001
1.8206 4.4433 -9.7142
1.8206 -4.7005 -4.914700000000001
-4.6562 3.1481000000000003 -1.4847000000000001
4.259 -0.9669000000000001 -8.8753
4.259 2.2334 -11.2381
4.259 2.0811 -8.4187
4.259 1.1668 -11.2381
4.259 1.3194000000000001 -8.4187
4.259 -3.7859999999999996 -2.0177
0.5255 -2.6432 4.611400000000001
0.5255 -0.6614 4.8402
2.9638999999999998 2.1574 -3.9229
2.0486999999999997 3.2242 -4.4559
-4.3513 3.1481000000000003 -0.9511999999999999
-4.3513 -0.7382 -4.1513
1.2871000000000001 -0.8906000000000001 4.6878
4.5639 0.1 -0.6462
4.5639 0.024 1.7922
4.5639 3.2243 1.7922
-1.9897000000000002 7.567699999999999 -2.7798
-1.9897000000000002 7.567699999999999 -2.856
-1.9897000000000002 3.3008 -2.7798
-1.9897000000000002 3.3008 -2.856
-1.9129 -1.2719 4.0021
3.7255000000000003 -4.2432 1.4874999999999998
-4.1232 -3.1001000000000003 -4.914700000000001
-0.8463999999999999 3.6051 -7.1998999999999995
-1.6847999999999999 -2.7199 3.8493
-1.6847999999999999 -2.9484 4.2304
4.0304 -2.7197 1.4112
4.0304 2.6149 -9.790600000000001
4.0304 -3.1763 -4.9135
0.8304 4.7482999999999995 -11.2381
3.2688 7.567699999999999 -0.9511999999999999
3.2688 7.567699999999999 1.1825999999999999
3.2688 3.3005 -0.9511999999999999
3.2688 3.3005 1.1825999999999999
-4.5799 3.2251000000000003 1.7160000000000002
-4.5799 0.1 -4.9135
-4.5799 7.5673 1.4874
-4.5799 7.5673 1.335
4.3353 2.005 -11.2381
4.3353 3.2251000000000003 1.1828999999999998
4.3353 -0.8906000000000001 -11.2381
4.3353 -0.8906000000000001 -8.8753
4.3353 1.7002 -7.4286
4.3353 0.4051 -4.914700000000001
4.3353 -1.8812 -4.9135
4.3353 3.3005 1.1824
4.3353 2.0812 -9.4082
2.7353 -3.3292 3.5444999999999998
-3.8183000000000002 -4.0145 0.1158
-0.5415 -4.7767 -11.2381
-0.5415 -5.0054 -5.2193000000000005
1.8969 -4.7006 -4.9908
1.8969 3.3005 -2.856
0.6018 -5.5385 2.2492
2.125 -4.7008 3.0115
-1.8366 3.3012 2.859
-1.8366 -1.1954 4.0783
-1.8366 7.5673 2.859
-3.2085000000000004 2.1574 -3.6946
2.4299 -4.015 -4.9135
-3.1317 3.3005 -3.7706999999999997
2.5067 3.9859999999999998 -8.9518
-0.7701 -5.4624 2.4019
-0.7701 -5.0054 -4.9908
-4.8085 7.4911 0.0397
-4.8085 3.1481000000000003 -0.8748
-4.8085 7.567699999999999 -0.4176
-4.8085 0.32889999999999997 -0.8752
-4.8085 0.32889999999999997 -1.1037
4.1067 2.3098 -8.189499999999999
4.1067 -2.4903999999999997 1.2588
-2.4469000000000003 -4.7767 2.6306
-2.4469000000000003 -5.0053 1.9444
-2.4469000000000003 -3.6336 -11.2381
-2.4469000000000003 -3.6336 -8.8753
-2.4469000000000003 -4.0145 -5.067
-2.4469000000000003 1.6239 -4.914000000000001
-2.4469000000000003 -2.7199 3.9254
-2.4469000000000003 -4.3954 -5.6000000000000005
-2.4469000000000003 -4.3954 -4.914700000000001
-2.4469000000000003 4.1384 -9.4094
-2.4469000000000003 -4.4719 -2.4747000000000003
-2.4469000000000003 -5.234 0.1152
-2.4469000000000003 -5.234 0.1158
-2.4469000000000003 -4.0907 -11.2381
-2.4469000000000003 -4.6244 1.9444
-2.4469000000000003 -4.853 -0.1131
-2.3701 -4.472 -2.6271
-2.3701 -5.3101 1.1060999999999999
-2.3701 -5.3100000000000005 -0.1894
3.2682999999999995 0.7096 -3.6941
1.9731999999999998 -4.3957999999999995 -11.2381
1.1348 -4.7005 -10.9323
4.4116 -2.6432 -2.856
4.4116 0.1 -2.7036000000000002
0.37320000000000003 -4.2437000000000005 3.5446
0.37320000000000003 -5.0053 3.3159
0.37320000000000003 -5.615 1.4112
0.37320000000000003 -5.615 1.8686999999999998
0.37320000000000003 -4.3198 3.9255999999999998
-3.742 2.3094 -6.9705
-3.742 2.2335000000000003 -8.1142
-3.742 2.3098 -11.2378
3.8781000000000003 2.1574 -3.0086999999999997
3.8781000000000003 3.3005 -2.8565
3.8781000000000003 0.7096 -4.9135
0.6780999999999999 7.567699999999999 -4.7608999999999995
3.0397 -4.0911 -4.9135
-1.0755000000000001 -5.234 -2.8565
2.2781 3.6813 -7.8849
2.2781 2.3102 -6.0565
2.2781 3.3773 4.3068
2.2781 7.5673 4.2299999999999995
-4.2755 3.1481000000000003 1.2587
-4.2755 3.1481000000000003 1.335
4.6397 -1.8814000000000002 -4.9135
-3.1322 -0.35669999999999996 3.7733000000000003
-3.9705999999999997 -0.2805 2.7828
-3.9705999999999997 -0.2805 2.8592
-3.9705999999999997 -1.1189 2.7828
-3.9705999999999997 -4.0145 1.3347
-3.9705999999999997 0.2523 -2.6272
-3.9705999999999997 0.3286 -2.856
-3.9705999999999997 3.2243 2.7828
-3.9705999999999997 3.2243 2.8592
4.183 -2.3382 -11.2381
1.9727000000000001 -2.6432 4.2306
-4.504099999999999 3.1481000000000003 0.26789999999999997
-4.504099999999999 -2.7194 -0.8746
3.6494999999999997 -4.2437000000000005 1.5637999999999999
3.6494999999999997 1.0906 -5.0665000000000004
3.6494999999999997 2.2334 -7.9612
3.6494999999999997 2.3097 -6.970400000000001
3.6494999999999997 0.5574 -4.9901
3.6494999999999997 0.5574 -5.0665000000000004
3.6494999999999997 -4.015 -3.0086999999999997
3.6494999999999997 2.2332 -8.265699999999999
3.6494999999999997 2.3098 -7.0467
3.6494999999999997 1.0908 -4.9901
0.4495 -5.3099 1.4112
-0.46569999999999995 -0.7381000000000001 4.8402
-1.7608 -4.7767 -5.067
-1.7608 4.3674 -9.0283
-1.7608 4.062600000000001 -9.0283
-1.7608 4.5196 -11.2381
-1.7608 -5.3863 1.9446
3.8775999999999997 3.3005 -2.8562
3.9544 -2.3382 -6.1336
3.9544 -2.5668 2.4779
3.9544 0.1 -2.856
-2.5992 3.9859 -9.0283
-2.5224 -4.0148 -4.9135
-2.5224 -4.472099999999999 -4.9135
3.116 2.3097 -6.3615
-3.3608 3.5288 -10.019
-4.1992 2.3099000000000003 -11.2381
-4.1992 2.3099000000000003 -9.0283
-4.1992 -4.0148 0.1158
-4.1992 1.0900999999999998 -11.2381
-4.1992 -0.0524 -4.914700000000001
-4.1992 0.5574 -4.914700000000001
-4.1992 0.6336999999999999 -4.9138
-4.1992 2.3863 -9.0277
-4.1992 2.3098 -11.2381
-4.1992 2.0812 -7.9622
-4.1992 2.157 -8.1136
-4.1992 0.0243 -4.9902
-0.9224 -3.862 4.1542
-0.9224 4.748200000000001 -10.7045
4.716 6.424 -0.9511999999999999
3.4209000000000005 -4.7765 -0.2651
2.5825 -5.233899999999999 0.1158
2.5825 -3.4814 -8.8753
2.5825 -4.777 -2.8558
2.5825 -4.3957999999999995 -4.914700000000001
-3.8943 7.567699999999999 -2.856
4.1825 3.3769 -2.551
0.9825 -5.233899999999999 -2.8565
2.8874 -1.7283 3.8493
-0.38939999999999997 -5.6149 1.9446
-0.38939999999999997 -5.3100000000000005 -2.856
-3.5894000000000004 -4.0148 1.9444
-3.5894000000000004 -3.7098 -4.9908
-3.5894000000000004 2.9196 -7.8849
2.049 -4.2432 2.859
2.049 -0.8906000000000001 4.0021
2.049 3.3012 2.7066
2.049 -2.5668 3.6974
2.049 0.7866 3.9258
2.049 -4.167 2.859
2.049 3.2243 3.9258
-4.4277999999999995 3.1481000000000003 -0.4175
-4.4277999999999995 3.1481000000000003 -0.8746
-4.4277999999999995 -2.7194 0.26789999999999997
-4.4277999999999995 -2.7194 -0.2653
-4.4277999999999995 -2.7194 -2.856
-4.4277999999999995 0.3286 -1.1037
-1.9893999999999998 -2.6432 4.1542
-1.9893999999999998 3.2251000000000003 4.383
-1.9893999999999998 3.3012 2.7829
-1.9893999999999998 -2.7194 3.7733000000000003
-1.9893999999999998 4.7487 4.383
-1.9893999999999998 7.5673 4.3066
-1.9893999999999998 7.5673 2.7829
-1.9893999999999998 3.2243 4.001799999999999
-1.9893999999999998 3.2243 4.3827
0.449 -4.7767 -11.2381
0.449 2.005 -5.9801
0.449 1.7004 -5.3709
0.449 -4.5483 -6.1336
0.449 -4.6243 -5.067
0.449 1.7765 -4.9135
0.449 -4.3959 -11.2381
0.449 -4.3959 -8.8753
0.449 2.2335000000000003 -6.2087
0.449 2.0049 -5.9801
0.449 2.3098 -6.2087
0.449 2.3098 -5.7516
0.449 -5.0054 -4.914700000000001
0.449 -4.7005 -4.914700000000001
0.449 1.7766 -4.9138
0.449 1.7766 -5.5995
-4.1229000000000005 2.3098 -8.1142
-4.1229000000000005 1.3954 -11.2378
-4.1229000000000005 1.3954 -8.876100000000001
-0.8461 -1.1954 4.764
4.7923 -2.6432 -0.1127
4.7923 -1.348 -4.914700000000001
4.7923 3.3005 -0.6461
4.7923 3.3005 0.9538
4.7923 -1.4237 0.8014
4.7923 -0.8907 -5.067
0.7539 -5.0053 -4.9135
3.1923 0.6333 -4.0749
-2.218 1.5478 -5.5996
-2.218 1.3192000000000002 -4.9138
-2.218 2.2334 -6.513299999999999
-2.218 2.3097 -5.980499999999999
-2.218 1.3193 -5.1425
-2.218 1.3193 -4.914000000000001
-2.218 2.2335000000000003 -6.4375
-2.218 2.0049 -6.2087
-2.218 2.3098 -5.9801
3.4204 2.1574 -3.5421
3.4204 2.1574 -2.8565
3.4204 3.3005 -2.8565
3.4972000000000003 -4.2431 -2.856
3.4972000000000003 -4.700200000000001 0.8015
-0.618 3.3769 -4.8369
-3.818 2.3863 -7.1998999999999995
1.8204000000000002 -4.2432 3.6211
1.8204000000000002 7.567699999999999 -2.856
1.8204000000000002 3.3005 -4.5322000000000005
-4.6564000000000005 1.0900999999999998 -7.3524
-4.6564000000000005 -1.4243000000000001 -11.2381
-4.6564000000000005 0.6336999999999999 -6.1336
-4.6564000000000005 -3.3291 -0.1894
4.2588 -1.9576 -4.9135
4.2588 -3.4812000000000003 -2.8565
0.5253 -4.3197 -8.8753
3.8021 -0.12819999999999998 3.0875
-2.7515 -1.3475000000000001 4.001799999999999
-3.5899 0.6334000000000001 -4.9135
-3.5899 0.6334000000000001 -3.1611000000000002
-3.5131 3.2243 2.7828
2.1253 3.6811999999999996 -8.875399999999999
2.1253 2.3101 -6.5903
2.2020999999999997 3.2251000000000003 3.849
2.2020999999999997 3.3012 2.6306
2.2020999999999997 3.3773 4.3068
2.2020999999999997 7.5673 4.2299999999999995
2.2020999999999997 7.5673 2.6306
-1.0747 -2.948 4.459
4.5637 3.2251000000000003 1.7924
4.5637 -2.6433999999999997 1.0302
4.5637 -1.5003 -11.2381
-0.8465999999999999 7.567699999999999 -4.7608999999999995
-4.0466 -3.3287999999999998 -4.6084
1.5918 2.3864 -5.9046
4.8686 0.5561 -0.6461
4.8686 3.3005 0.2682
4.8686 3.3005 -0.265
4.8686 -2.2620999999999998 -0.6461
4.8686 -0.7378 0.3442
-4.885 3.3769 0.3443
-4.885 3.1481000000000003 0.1159
-4.885 -0.6622 -0.8752
-4.885 -2.1096 -2.8565
-4.885 -2.4905 -0.8752
-4.885 -2.3384 -2.551
-4.885 -1.6525 -2.856
-1.6081999999999999 -0.662 4.6115
-1.6081999999999999 4.062600000000001 -11.2381
-2.4466 -5.233899999999999 0.0398
-2.4466 -5.233899999999999 0.0393
-2.4466 -4.8532 -2.856
-2.4466 -4.472 -2.856
-2.4466 -4.7008 1.9446
-2.4466 -5.0817 1.9446
-2.4466 -4.9293 0.0398
-2.4466 -4.9293 0.0393
3.1918 -4.2437000000000005 1.4112
-3.2849999999999997 3.3012 -0.9511999999999999
-3.2849999999999997 7.567699999999999 -0.8752
-0.0082 2.6909 -4.9135
-0.0082 7.567699999999999 -3.4659000000000004
-0.0082 7.567699999999999 -4.7608999999999995
-0.0082 2.1574 -4.9135
-0.0082 2.1574 -4.5323
-0.0082 3.3005 -4.4559
-0.0082 3.3005 -3.4659000000000004
-0.0082 3.3005 -4.8369
-0.0082 2.3861 -4.4559
2.3533999999999997 2.1574 -4.3797999999999995
-4.5801 7.567699999999999 -1.5609
-4.5801 -2.8719 0.9542
4.3351 -0.8907 -11.2381
4.3351 0.2526 -2.856
4.3351 3.2243 1.1825999999999999
2.7351 -3.9384 -4.1513
-3.8185 0.6334000000000001 -2.8565
-0.5417 7.5673 4.7638
-3.7417 2.3099000000000003 -11.2381
-3.7417 2.3099000000000003 -9.0283
-3.7417 -4.0148 0.1158
-3.7417 0.7098 -4.0752999999999995
1.8967 -5.0816 -2.6271
