1644
3.7376 -19.2212 -2.0062
3.7376 -19.2212 -1.7442
1.3823999999999999 -14.1618 -4.0996999999999995
1.3823999999999999 -15.0349 -2.5296
-1.2352 -3.1694 11.8653
-3.5904 -14.2487 4.712000000000001
-3.5904 -13.551499999999999 9.946000000000002
-3.5904 -9.276299999999999 -1.308
-3.5904 -13.3766 2.4436
-3.5904 -14.1617 -2.4421000000000004
-3.5904 -14.1617 -1.3953
-3.5904 -14.0744 8.5503
2.7776 -19.2217 3.3154000000000003
3.04 0.40679999999999994 11.4289
3.04 1.8033000000000001 11.2545
3.04 -9.4507 11.429
3.04 -3.1694 11.4289
3.04 -3.1694 10.992799999999999
3.04 3.2862 9.5969
-2.1952 -15.383099999999999 3.6642
4.4352 -12.7659 8.5508
4.4352 -10.061 10.5571
4.4352 -3.8683 10.5571
4.4352 -6.8324 9.858799999999999
2.3424 -15.383099999999999 1.9201
-2.8928 -14.2487 4.4502
-2.8928 -14.2487 7.3285
-2.8928 -14.8597 4.2757000000000005
4.5225 -9.188699999999999 1.6581
4.5225 -10.1484 -0.2607
-2.8055 -7.0082 -0.17329999999999998
-2.8055 -9.276299999999999 -2.7039
-2.8055 -9.3643 -2.5293
-2.8055 -8.1421 -2.0060000000000002
3.8249 -13.637599999999999 1.9201
3.8249 1.8033000000000001 10.4695
3.8249 -14.336199999999998 2.0075
3.8249 -13.3759 2.3563
3.8249 -13.2018 4.2754
3.8249 -14.1618 -1.7442
3.8249 -7.9676 1.9201
3.8249 -7.9676 4.2754
3.8249 -13.3766 1.9201
3.8249 -13.3766 1.9199000000000002
3.8249 -13.3766 4.2754
3.8249 -14.3371 -1.9188
3.8249 -13.8128 4.2754
3.8249 -11.8938 10.0333
-3.5031 -7.618600000000001 0.08760000000000001
-3.5031 -8.1421 1.9199000000000002
2.8649 -3.8675 8.7248
3.1273000000000004 -6.833500000000001 8.027199999999999
-1.8455 -14.2486 2.6182
-1.8455 -15.0337 2.3560999999999996
-1.8455 -15.382599999999998 4.2754
-1.8455 -12.678700000000001 3.9261
2.9522 -3.7802000000000002 9.858799999999999
3.2146 -3.1694 11.3419
0.597 3.9838999999999998 10.4695
0.597 1.8033000000000001 11.5165
0.597 1.8033000000000001 11.8653
0.597 4.4204 10.4695
0.597 4.4204 7.5033
0.597 1.8901000000000001 11.8653
0.597 4.2461 10.7309
0.597 -0.9878 11.9525
0.597 3.8099000000000003 10.6434
0.597 4.6821 7.5033
0.597 2.7634 11.6907
0.597 -3.1694 11.6035
0.597 -3.1694 11.8653
0.597 -3.1694 11.6037
0.597 4.2459 8.4635
0.597 4.4205000000000005 7.5033
0.597 1.9778 11.5164
0.597 4.6822 9.5967
0.597 4.6822 7.5033
0.597 3.8968000000000003 11.167399999999999
-4.3758 0.0585 9.8586
-4.3758 0.0585 7.5033
4.6098 -9.4505 4.2754
2.2546 -14.685400000000001 7.3288
2.2546 3.6350000000000002 10.7314
2.2546 3.7224 10.4695
2.2546 3.1988999999999996 10.3821
-0.363 -8.4916 11.8653
-2.4558 -19.2217 3.5773
3.9122 -8.142000000000001 4.2754
3.9122 -8.2294 1.9201
3.9122 -13.725200000000001 4.2754
-3.4158 -19.2217 2.7054
-3.4158 -15.383099999999999 2.7054
1.3819 -7.0078000000000005 -1.9183
1.3819 -6.310200000000001 1.9199000000000002
-0.9733 4.2458 9.6845
-0.9733 3.7226000000000004 10.7309
-0.9733 4.1586 10.731200000000001
-0.9733 4.2459 9.6843
-0.9733 4.4205000000000005 10.3818
-0.9733 3.7224 10.731200000000001
-0.9733 4.5076 9.6843
-0.9733 4.6822 7.5033
-0.9733 4.3333 7.5033
-3.3285 -7.9673 1.9201
-3.3285 -7.9673 4.2754
3.0395 -3.1694 8.7248
3.0395 -3.1694 9.6842
3.3019 -7.8804 1.9195
-4.2885 -8.6656 7.3285
-4.2885 -19.2212 0.5237999999999999
-4.2885 -19.2212 0.5242
-4.2885 -19.2212 0.6988
-4.2885 -14.3371 -0.61
-4.2885 -14.249 0.5237999999999999
-4.2885 -18.959400000000002 0.1749
-4.2885 -14.249500000000001 0.5237999999999999
-4.2885 -14.249500000000001 0.5242
-4.2885 -14.249500000000001 0.6988
-4.0261 -12.1555 10.295
4.6971 -1.8608 10.1202
4.6971 -1.8608 8.5503
4.6971 -10.410400000000001 1.92
4.6971 -3.1694 9.0732
4.6971 -3.1694 9.9461
4.6971 -6.833500000000001 10.0333
4.6971 -6.8324 9.858799999999999
2.0795 -3.1694 11.6906
-2.6309 3.3737999999999997 9.6845
4.7844 -1.8608 9.7715
4.7844 -10.410400000000001 4.2754
4.7844 -3.1694 9.7715
4.7844 -10.3227 2.618
2.4292000000000002 -15.0339 7.3285
-0.1884 -7.9677999999999995 -3.4888000000000003
-2.5436 -7.8804 -2.0060000000000002
4.0868 -14.161399999999999 1.9201
4.0868 -1.8608 9.5972
4.0868 1.1926 10.4694
4.0868 -8.9273 7.3285
1.4692 -6.746199999999999 1.9199000000000002
-0.886 4.6822 9.3351
-3.5035999999999996 -5.0013000000000005 11.2544
-3.2412000000000005 -9.2761 -2.0060000000000002
-3.2412000000000005 -8.0551 -2.0934999999999997
0.7716 1.8033000000000001 11.4292
0.7716 -3.1694 11.5165
0.7716 -15.6447 4.6243
-1.846 -5.0889 8.027
-1.846 -5.6996 8.027
-1.846 -5.6996 7.939499999999999
-4.2012 -11.8935 0.5237999999999999
-4.2012 -11.8935 -1.308
-4.2012 -11.8066 10.2951
-4.2012 -14.074200000000001 -1.0461
-4.2012 -9.8873 10.295
-1.7587 -19.2212 -2.3553
-1.7587 -14.249899999999998 -2.6166
-1.7587 -14.1618 -3.8379000000000003
-1.7587 -18.959200000000003 -3.9253000000000005
2.2540999999999998 3.9844 10.2076
2.2540999999999998 4.2459 9.1606
2.5165 -19.2212 -1.7442
2.5165 -5.4379 8.114
2.5165 -5.4379 8.2014
2.5165 -5.0889 8.114
2.5165 -16.692 -1.6568
2.5165 -18.523400000000002 -1.5694
4.1741 1.1926 9.5972
1.5565 -7.9676 -3.0528
1.8189 -15.383099999999999 3.9261999999999997
-3.1538999999999997 -12.8535 10.905800000000001
3.9989999999999997 1.1926 10.4694
-0.7113999999999999 0.6688000000000001 11.9525
-0.7113999999999999 -3.1694 11.5164
-0.7113999999999999 1.9778 11.4292
-3.329 -7.6188 7.3285
-3.329 -9.2762 -2.0060000000000002
-3.329 -14.1617 -2.7039
-3.329 -8.1421 -2.0060000000000002
-3.329 3.4606 8.4632
0.9462 2.7634 11.6907
0.9462 -7.880199999999999 -3.7504999999999997
-4.0266 -8.2295 1.5706000000000002
2.3414 -19.2217 1.9201
2.3414 -15.383099999999999 1.9201
2.6037999999999997 -10.410400000000001 -3.3145000000000002
2.6037999999999997 -14.1617 -3.4890999999999996
-0.0138 4.3333 7.5033
0.0735 -4.7397 9.858799999999999
-2.5441 -6.833500000000001 11.1673
-2.5441 -6.833500000000001 11.5164
-2.5441 -14.249 1.9201
-2.5441 -11.5441 11.429
-2.2817 -3.1694 11.6907
-2.2817 4.2459 9.2477
-2.2817 -6.396699999999999 11.6906
1.7311 -10.4102 -3.4889
1.7311 -10.4102 -3.8379999999999996
1.7311 -7.9676 -3.4892
1.7311 -7.9676 -2.9654
1.7311 -9.1021 -3.7504999999999997
-0.8865 4.2461 10.8185
-3.2417000000000002 -6.9212 8.3756
-3.2417000000000002 -6.8341 7.3288
-2.9793 1.978 11.167399999999999
3.3887 3.2866 7.5033
3.3887 3.3739 8.5503
3.3887 -13.027700000000001 1.9199000000000002
3.3887 -12.678700000000001 1.9199000000000002
-3.9393 -6.8341 9.073599999999999
-3.9393 -7.7933 6.9795
-3.9393 -14.249500000000001 1.7453
-3.9393 -8.1421 1.9199000000000002
3.476 -3.3441 7.5033
3.476 -5.0887 8.8117
3.476 -5.0887 8.376
3.476 -5.0887 8.7247
3.476 -3.1694 8.0269
3.476 -3.1694 8.7248
3.476 -3.1694 7.5033
3.476 -3.1694 8.7247
3.476 -3.1694 9.858799999999999
3.476 -12.678 1.7453
3.476 -12.678 1.9199000000000002
3.476 -3.4314999999999998 7.5033
3.476 -14.249 -1.6568
3.476 -14.249 1.9199000000000002
3.476 -5.0009999999999994 8.2884
1.1208 -7.444000000000001 -3.576
-1.4968000000000001 -6.6593 4.2757000000000005
-1.4968000000000001 1.8901000000000001 11.3419
-1.4968000000000001 -6.659 6.0199
-1.4968000000000001 -6.659 4.2754
-1.4968000000000001 -6.310300000000001 7.241300000000001
-1.4968000000000001 -6.1357 7.241300000000001
-1.4968000000000001 -6.1357 6.281200000000001
-1.4968000000000001 -3.1694 11.7781
-1.4968000000000001 -3.1694 11.5164
-1.4968000000000001 1.9778 11.6908
-1.4968000000000001 1.9778 11.4292
-1.4968000000000001 1.9778 11.6909
-1.4968000000000001 -6.310200000000001 7.1536
-1.4968000000000001 -6.1356 7.3285
0.1608 -12.1546 11.6908
0.1608 -12.2424 11.3419
0.1608 -15.383 7.3288
0.1608 -15.383 7.329
0.1608 -12.1556 11.6909
0.1608 -15.2084 10.0333
0.1608 -15.6446 8.6375
0.1608 -15.6446 7.329
0.1608 -11.632299999999999 11.341700000000001
0.1608 -15.0335 10.295
0.1608 -14.8594 9.9459
0.1608 -5.0889 7.4161
0.1608 -5.0889 7.8522
0.1608 -15.6448 8.5505
0.1608 -14.510200000000001 10.295
0.1608 -15.2083 10.0333
0.1608 -14.161499999999998 11.1673
0.1608 -6.834 11.6035
0.1608 -6.834 11.8653
0.1608 -14.5982 10.295
0.1608 -15.121200000000002 10.295
0.1608 -11.5436 11.3419
0.1608 -14.1612 11.167399999999999
0.1608 -5.1761 7.8522
0.1608 -14.771999999999998 10.0333
0.1608 -5.6996 7.3288
0.1608 -5.6996 7.5034
0.1608 -12.2427 11.6035
-2.1944000000000004 -4.3038 7.5033
4.1736 -19.2212 0.2623
4.1736 -19.1336 0.6113000000000001
4.1736 -14.249500000000001 1.3962999999999999
-0.7992000000000001 -6.8328 11.8653
-0.7992000000000001 -4.7397 9.684099999999999
-0.7992000000000001 -6.833500000000001 11.8653
-3.1544000000000003 -6.8328 11.0802
4.2609 -10.410400000000001 10.0336
4.2609 -3.1694 8.1142
4.2609 -12.33 4.2757000000000005
-1.4095 -2.2967999999999997 11.8653
-1.4095 0.6688000000000001 11.8653
-3.7647 -19.2212 1.9199000000000002
0.24810000000000001 -12.3301 11.2544
-2.1071 -9.1888 -3.6634
-2.1071 -15.2955 4.2754
-4.7246999999999995 -11.108600000000001 1.9201
-4.7246999999999995 -11.108600000000001 4.2754
-4.7246999999999995 -11.6321 4.2754
-4.7246999999999995 -6.8328 10.0335
-4.7246999999999995 -6.8328 9.859
-2.2822 -4.2162999999999995 9.8586
-2.2822 -3.1694 11.6908
-2.2822 -15.0349 -1.7443
-4.6373999999999995 -9.799900000000001 7.3288
-4.6373999999999995 -11.9805 7.3288
-4.6373999999999995 -12.1556 2.0075
-4.6373999999999995 -12.0683 1.9199000000000002
-4.6373999999999995 -9.973600000000001 10.3824
-4.6373999999999995 -9.973600000000001 10.295
4.3482 -14.1611 0.2623
4.3482 -14.074300000000001 0.2623
4.3482 -10.410400000000001 -0.9587999999999999
4.3482 -10.410400000000001 1.6578
4.3482 -3.1694 9.946000000000002
4.3482 -3.1694 8.2885
4.3482 -14.249 0.6113000000000001
1.7306 -6.3974 1.9201
3.6506 -7.7061 4.2757000000000005
3.6506 -8.404399999999999 4.2754
3.6506 -10.410400000000001 -1.5694
3.6506 -10.410400000000001 -1.7442
3.6506 1.1926 10.2949
3.6506 0.8435 10.3821
3.6506 0.8435 10.4694
1.2954 -19.2217 4.1007
3.4755000000000003 -19.2212 -2.6169000000000002
3.4755000000000003 -14.1618 -2.6169000000000002
3.7379000000000002 -7.9681 -0.3479
-1.2349 -5.0887 7.5033
-1.2349 -6.2229 1.9199000000000002
-3.5901 -3.1694 10.731200000000001
-2.1949 -7.0082 1.9199000000000002
-2.1949 -6.659 1.9199000000000002
-2.1949 -7.4441 -1.8307
-2.1949 -7.095400000000001 -2.0060000000000002
-4.5501 -12.591099999999999 4.2757000000000005
-4.5501 1.3668 9.5096
-4.5501 -12.5916 4.2754
-4.5501 -10.498000000000001 -0.2609
-4.5501 -9.3636 1.9199000000000002
-4.5501 -3.1694 10.3821
-4.5501 -3.1694 8.8119
-4.5501 -3.1694 8.8117
-4.5501 -9.2765 4.2757000000000005
-4.5501 -12.155199999999999 7.3288
-4.5501 -12.155199999999999 9.0735
-4.5501 -9.189400000000001 7.3285
4.4355 -10.6721 7.3285
4.4355 -0.0289 10.4694
4.4355 -1.8608 10.4694
4.4355 -5.0887 9.946000000000002
4.4355 -9.014700000000001 6.9795
4.4355 -9.014700000000001 4.2757000000000005
4.4355 -10.410400000000001 1.9201
4.4355 -10.410400000000001 4.2754
4.4355 -3.1694 10.4695
4.4355 1.1926 9.5972
4.4355 -9.1014 7.3288
4.4355 -2.0355000000000003 7.5033
4.4355 -10.7592 4.9738
-2.8925 -9.2761 -3.0528
-2.8925 -6.833200000000001 7.939400000000001
-2.8925 -14.1617 -3.1402
4.5228 -11.8935 9.5097
4.5228 -9.2766 7.3288
4.5228 -10.8466 4.2757000000000005
4.5228 -10.8466 7.3285
2.1676 -19.2212 -3.7504000000000004
-0.44999999999999996 -15.5575 9.3355
-2.8052 -14.336199999999998 4.6243
-2.8052 -14.1617 -2.7041
-2.8052 -14.947099999999999 4.7116999999999996
3.8252 -7.9681 1.9195
3.8252 -7.9681 0.3502
0.51 -7.9676 -3.8379000000000003
0.51 -6.834 11.5164
-4.4628 -11.108600000000001 1.9201
-4.4628 -11.108600000000001 4.2754
-4.4628 0.146 10.3821
-4.4628 0.0585 9.5971
0.3349 -5.0887 7.7650999999999994
0.3349 -5.0887 7.5033
0.3349 -4.3911 7.5033
0.3349 -4.3038 8.2012
-1.7579 -15.3829 7.3288
-4.375500000000001 -11.5443 10.295
-4.375500000000001 -9.799900000000001 7.3288
-4.375500000000001 -5.0887 10.0333
-4.375500000000001 -3.1694 10.0335
-4.375500000000001 -3.1694 10.0333
4.6101 -1.8608 8.027099999999999
4.6101 -10.410400000000001 0.2623
4.6101 -11.0217 0.2623
4.6101 -12.242799999999999 7.3288
4.6101 1.1926 8.8989
4.6101 1.1926 7.503500000000001
4.6101 1.5417999999999998 7.503500000000001
4.6101 -11.8938 8.8987
3.6500999999999997 -6.658799999999999 8.114
1.2949 4.6821 7.9399999999999995
1.2949 4.6821 7.5033
1.2949 4.333200000000001 10.3821
-3.6778999999999997 -9.451 -1.1333
-3.6778999999999997 2.9372 9.5971
-3.6778999999999997 -9.276299999999999 -1.308
-3.6778999999999997 0.0585 10.731200000000001
-3.6778999999999997 -3.1694 10.6439
3.7373999999999996 -13.0275 10.120700000000001
3.7373999999999996 -5.0889 8.463099999999999
3.7373999999999996 -6.833200000000001 8.114
-0.9730000000000001 -14.684800000000001 10.7314
3.0398 -7.7061 5.5844
3.0398 -7.7061 4.2757000000000005
3.0398 -6.572 7.3285
3.0398 -7.1823 4.2757000000000005
3.0398 -7.1828 7.3285
3.0398 -7.2698 4.2757000000000005
3.0398 -7.0952 7.3285
3.0398 -6.8328 11.0802
3.0398 -6.8328 11.429300000000001
3.0398 -7.6187000000000005 5.5844
3.0398 -7.444599999999999 6.9795
3.0398 -3.1694 11.0802
3.0398 -3.1694 11.429300000000001
3.0398 -7.9676 -2.0060000000000002
-1.933 -15.2957 4.2754
-1.933 -13.4635 11.1672
-1.933 -14.946699999999998 4.2754
-1.933 -13.3766 3.4025
-1.933 -13.3766 3.839
-1.933 -13.3766 3.4028
-1.933 -13.3766 3.8392000000000004
-1.933 -13.202 3.8392000000000004
-1.933 -15.382599999999998 2.3560999999999996
-1.933 -15.383099999999999 2.3563
-1.933 -12.678700000000001 3.4028
-1.933 -12.678700000000001 3.4899
-1.933 -14.249 2.5308
-1.933 -15.2955 4.2754
-4.288200000000001 2.0650999999999997 7.503500000000001
-4.288200000000001 -9.2762 -0.3478
-4.288200000000001 -11.5441 10.3824
2.0798 -4.3034 9.858799999999999
2.3422 -19.2212 1.8325999999999998
2.3422 -19.2212 1.9199000000000002
2.1671 -5.7868 7.3288
2.4295 -14.423 10.0334
2.4295 -19.2212 -1.7442
2.4295 -12.9407 11.1672
-2.8057 -15.7327 -3.3145000000000002
-2.8057 -19.2212 -1.308
-2.8057 -18.7849 -3.3145000000000002
-2.5433 3.3734 10.731200000000001
-2.5433 -3.1694 11.1675
-2.5433 2.8505 11.167399999999999
3.8247000000000004 -10.3229 -2.0060000000000002
3.8247000000000004 -19.2212 1.9199000000000002
3.8247000000000004 -10.4101 -2.0060000000000002
1.4695 -19.2212 -4.0124
-1.1481 2.2398000000000002 11.7781
-1.1481 -19.2217 4.1878
-1.1481 3.5479 11.3419
-3.5033000000000003 -6.746099999999999 7.939400000000001
-3.5033000000000003 -12.6788 1.6580000000000001
3.1271 -6.659 7.3285
3.1271 -10.410400000000001 -2.8783
-1.8457000000000001 -15.383099999999999 3.9261
-4.2009 -6.833500000000001 10.295
2.952 -14.859300000000001 4.2754
3.2144 -14.249500000000001 0.2623
-1.7584 -15.383 8.2885
-0.1008 -6.3974 1.9199000000000002
-0.1008 -14.2486 3.1414
-0.1008 -6.658899999999999 -2.0060000000000002
-0.1008 -6.658899999999999 -1.6563
-0.1008 -6.310200000000001 -1.8307
-0.1008 -6.1356 -0.6967
-0.1008 -6.1356 1.9199000000000002
-2.7184 -19.2212 1.0477
-2.7184 -6.9209000000000005 1.9199000000000002
-2.456 -11.5441 11.5163
3.9120000000000004 -9.7121 -1.9185
3.9120000000000004 0.4939 10.905800000000001
3.9120000000000004 -10.410400000000001 -1.9188
3.9120000000000004 -10.410400000000001 -1.7442
3.9120000000000004 2.8499 7.9398
3.9120000000000004 -8.8398 4.2757000000000005
3.9120000000000004 -3.1694 10.4695
3.9120000000000004 -14.0744 -1.7442
1.5568 -15.383099999999999 2.5308
1.5568 -12.678700000000001 4.0135
1.5568 -14.249 2.7054
-1.0608 -7.4441 -3.576
-0.7984 -6.1355 6.0204
-0.7984 -6.0483 6.0204
-3.4160000000000004 -11.6321 11.08
-3.4160000000000004 -14.510700000000002 4.2754
-3.4160000000000004 -13.3766 1.9203000000000001
-3.4160000000000004 -13.3766 1.9201
-3.4160000000000004 -12.678700000000001 1.9203000000000001
-3.4160000000000004 -12.678700000000001 2.7053000000000003
3.9993 2.5009 9.5969
3.9993 -7.7931 7.3290999999999995
3.9993 -1.8608 10.4695
3.9993 -1.8608 7.5033
3.9993 -3.1694 10.4695
3.9993 -13.5512 8.3758
3.9993 -8.9273 7.154000000000001
3.9993 -8.9273 4.2757000000000005
3.9993 -0.20409999999999998 10.905800000000001
3.9993 -7.880199999999999 6.8922
-1.6711 -15.4701 4.6243
4.696899999999999 -9.3628 10.120899999999999
2.3417 -10.410400000000001 -3.5763000000000003
2.3417 -10.410400000000001 -3.0530999999999997
2.3417 -14.1617 -3.0530999999999997
2.6041000000000003 -14.249 1.9201
-2.6311 -7.2698 -2.0060000000000002
-2.3687 -11.5441 11.0802
2.429 -12.2424 10.9057
-0.18860000000000002 3.6351 11.4291
4.0866 -14.1611 1.9199000000000002
4.0866 -1.8608 7.503500000000001
4.0866 -1.8608 9.5969
4.0866 -9.1014 7.3288
4.0866 -1.5117 7.503500000000001
1.469 -15.0341 10.0333
1.469 -15.4703 7.3288
1.469 -15.4703 8.4634
1.469 -15.2957 9.422600000000001
1.7314 -6.1356 7.3285
-3.2413999999999996 -9.4508 -2.7041
-3.2413999999999996 -14.1617 -2.7912
3.1266000000000003 -19.1338 2.9671
3.1266000000000003 -13.9874 7.3285
0.7714000000000001 -6.1357 4.2754
1.0338 -6.5721 -2.5294
-4.2014000000000005 -13.376199999999999 4.9738
-3.939 0.0582 10.9929
3.2139 -6.658799999999999 7.3288
3.2139 -7.8804 1.9199000000000002
3.2139 -7.793 -1.8307
3.2139 -6.833200000000001 8.114
-1.7589000000000001 -6.397600000000001 1.9201
-4.1141 -13.4635 4.2757000000000005
-4.1141 -9.276299999999999 1.7448000000000001
-4.1141 -3.1694 8.1142
-4.1141 -13.2888 7.3285
-4.1141 -14.1612 1.9201
2.5163 -19.2212 -3.489
2.5163 -10.410400000000001 -3.0530999999999997
2.5163 -14.1617 -3.4890999999999996
2.5163 -14.1617 -3.0530999999999997
2.5163 -15.0349 -1.7442
0.1611 -6.8328 11.6034
0.1611 -6.8328 11.8653
0.1611 -5.0888 11.6034
-2.4565 -5.0887 7.8525
-4.8117 -9.7997 8.8991
-4.8117 -9.7997 9.073599999999999
4.1739 1.1926 9.5972
1.8186999999999998 -15.383 4.7993
1.8186999999999998 -13.3766 3.9261999999999997
-0.7988999999999999 -15.6447 7.3288
1.6436 -10.4102 -3.4892
1.6436 -10.4102 -3.9251
1.9060000000000001 -7.9676 -3.4017
0.946 -14.771999999999998 10.6441
-1.4092 -14.859300000000001 10.295
-4.0268 -2.7333 7.5033
-4.0268 -2.5587 9.8586
-4.0268 -19.2212 -1.308
-4.0268 -13.4635 4.2757000000000005
-4.0268 -13.5513 6.7177
-4.0268 -1.8608 7.5033
-4.0268 -7.5317 9.073599999999999
-4.0268 -6.8341 9.161
-4.0268 -13.638300000000001 4.2757000000000005
-4.0268 -1.6859 9.771199999999999
-4.0268 -14.1618 -1.5699
-4.0268 -14.1618 -1.308
-4.0268 -2.5586 7.5033
-4.0268 -3.1694 8.637599999999999
-4.0268 -12.940399999999999 4.2757000000000005
-4.0268 -12.6782 4.2757000000000005
-4.0268 -12.6782 7.3285
-4.0268 -18.8721 -1.6575
-4.0268 -2.3838999999999997 9.8586
-4.0268 -1.599 7.5033
-4.0268 -3.1693 7.9399999999999995
-4.6371 -9.5375 7.3288
-4.6371 -3.1694 10.0335
4.3485000000000005 1.1926 7.503500000000001
3.3884999999999996 -7.531300000000001 1.9199000000000002
-1.5843 -6.310300000000001 4.2757000000000005
-1.5843 -6.746499999999999 6.0198
-3.9395 -8.6656 4.2757000000000005
-3.9395 -8.6656 7.3285
-3.9395 -8.8401 7.154000000000001
-3.9395 -8.8401 4.2757000000000005
-3.9395 -12.6788 0.5237999999999999
-3.9395 2.0650999999999997 9.5969
-3.9395 -14.249 0.5237999999999999
-3.9395 1.8030000000000002 7.503500000000001
3.4757999999999996 -14.161499999999998 8.6379
3.4757999999999996 -14.1617 -2.6166
3.4757999999999996 2.5016 10.556799999999999
1.1206 3.5478 11.3419
-1.2346 -6.2229 4.2754
-3.8522 -13.725399999999999 7.8526
-3.8522 -3.1694 11.0802
-3.8522 1.3667 10.731200000000001
2.5158 -5.0889 7.7649
-4.549799999999999 -3.2573 10.4698
-4.549799999999999 -6.8328 10.4696
4.1734 -8.6646 10.818200000000001
-3.1546 -14.249500000000001 0.5242
-2.8922 -7.008100000000001 4.2754
-2.8922 1.9778 10.731200000000001
-2.8049 -5.3506 11.0802
-2.8049 -6.8328 11.0802
-2.8049 -7.4441 -2.1806
-2.8049 1.978 10.731200000000001
3.5631000000000004 -10.410400000000001 -1.7442
3.5631000000000004 -14.1618 -2.4421999999999997
3.5631000000000004 1.1926 10.4694
1.2079 -3.1694 11.8653
-3.7649000000000004 -13.900000000000002 7.241300000000001
-3.7649000000000004 -11.544500000000001 10.2951
-3.7649000000000004 -8.578199999999999 4.2757000000000005
2.6031 -6.833400000000001 1.9201
2.6031 -6.833400000000001 4.2754
2.8655 -15.035000000000002 -0.4357
0.24789999999999998 4.7695 7.5033
-2.1073 -4.3035 9.858799999999999
2.9528 -12.5915 11.0801
-2.02 -3.8672999999999997 8.2012
-0.6248 -15.5578 4.2754
-2.98 -7.6188 6.1944
-2.98 -7.6188 4.2757000000000005
-2.98 -14.8597 4.2757000000000005
-2.98 -14.6851 7.3285
-2.98 3.8099000000000003 7.503500000000001
-2.98 -7.531599999999999 6.1944
-2.7176 -6.920999999999999 1.9201
3.6504000000000003 -7.7058 3.0542
3.6504000000000003 -14.074700000000002 4.2757000000000005
3.6504000000000003 -13.9874 4.7993
3.7377000000000002 -19.2217 2.0946
3.7377000000000002 -19.2217 1.9201
3.7377000000000002 -3.1694 11.0801
3.7377000000000002 -15.383099999999999 2.0946
3.7377000000000002 -15.383099999999999 1.9201
1.3825 -11.8057 11.6908
-3.5902999999999996 -14.1618 -2.4424
-3.5902999999999996 -14.1618 -1.308
-3.5902999999999996 -5.0889 8.4632
2.7777 -6.8328 11.0802
2.7777 -3.1694 11.0802
3.0401000000000002 -13.9873 10.0333
-1.9327 -3.8672999999999997 7.5033
-2.8927 -3.9541 7.5033
-2.8927 -14.7724 7.3288
-2.8927 -14.249899999999998 -1.308
4.522600000000001 -11.9808 9.422600000000001
4.522600000000001 -5.0889 9.247900000000001
-0.4502 -6.4847 1.9201
-0.4502 -6.397500000000001 -2.0060000000000002
-2.8054 -14.5976 9.4228
-2.8054 3.7228 9.6843
-2.8054 3.6353000000000004 9.5969
-2.8054 2.5015 10.6438
-2.8054 2.5015 10.731200000000001
-2.8054 3.2863999999999995 7.503500000000001
-2.8054 3.3737000000000004 9.5969
-2.8054 3.7224 9.6845
-2.8054 3.8973 7.5033
1.2074 -14.2491 4.2754
-1.1478 -6.2229 -0.43499999999999994
-3.5029999999999997 -19.2212 -2.5298000000000003
-3.5029999999999997 -6.8328 11.2549
0.5098 -14.0745 4.3627
-4.463 -9.1017 1.4833
-4.463 -9.2762 1.9199000000000002
2.9523 -7.4441999999999995 6.6304
2.9523 -7.6187000000000005 4.2757000000000005
3.2147 -11.37 11.2545
-4.3757 1.9777 8.027099999999999
-4.3757 0.0585 8.1142
-4.3757 0.0585 7.503500000000001
-4.3757 0.1459 9.5969
-4.3757 -8.7529 7.3285
-4.113300000000001 -13.1154 9.4228
-0.3629 -6.397600000000001 1.9201
-0.3629 -6.397600000000001 4.2754
-0.3629 -6.1356 1.9201
-0.3629 -6.1356 4.2754
-2.7181 -8.2296 -2.9659
-2.7181 -15.035000000000002 -1.308
-2.7181 -15.035000000000002 -1.1334
3.9122999999999997 -11.8935 10.0333
3.9122999999999997 -13.114600000000001 0.2623
3.9122999999999997 -13.3761 0.2623
3.9122999999999997 -11.6314 10.0333
3.9122999999999997 -14.249 0.2623
3.9122999999999997 -14.249 -1.7442
1.2947 0.9301 11.8653
3.9995999999999996 -1.8608 10.4694
3.9995999999999996 -10.410400000000001 -1.7442
1.6444 -19.047 4.013400000000001
-0.9732 -19.2212 -4.1867
-3.5908 0.146 10.6438
-3.5908 -8.3167 1.9199000000000002
-3.5908 2.4138 10.5567
-3.5908 -8.1421 1.9199000000000002
-3.3284000000000002 -7.0077 7.241300000000001
-3.3284000000000002 -7.5314000000000005 4.2757000000000005
-3.3284000000000002 -7.5314000000000005 7.3285
3.0396 -14.7723 4.2757000000000005
0.6844 -15.4703 9.1605
0.6844 -15.6448 7.3288
-4.2884 -11.8935 1.9199000000000002
-4.2884 -9.276299999999999 -0.6101
-4.2884 0.0585 9.858799999999999
4.6972 -11.8935 7.3288
4.6972 -11.8935 8.6379
4.6972 -1.8608 10.1204
4.6972 -9.712800000000001 4.9738
4.6972 -3.1694 9.946000000000002
4.6972 -10.4106 10.0333
4.6972 -1.1625999999999999 7.503500000000001
4.6972 0.9308000000000001 8.9862
2.342 -13.899500000000002 10.0334
2.342 -10.4102 -3.576
2.342 -14.423 10.0334
2.342 -9.014800000000001 -3.4889
2.342 -12.2427 11.2545
-2.6308000000000002 -12.155100000000001 -3.4017
4.7844999999999995 -10.2356 4.2757000000000005
4.7844999999999995 -9.1888 9.422600000000001
4.7844999999999995 -9.1888 9.9459
4.7844999999999995 -10.8466 4.2757000000000005
4.7844999999999995 -10.8466 7.3285
4.7844999999999995 -10.3228 7.3285
4.7844999999999995 -6.833500000000001 9.684099999999999
4.7844999999999995 -11.283 7.3285
2.1669 3.2866 10.3821
2.1669 -16.6918 3.7517
-0.1883 -7.8804 -3.8379999999999996
-0.1883 -7.793 -3.8379999999999996
-2.5435 -6.833200000000001 7.3288
3.8245 1.8033000000000001 10.556899999999999
-0.8859 -15.6448 4.6243
-3.5035 3.1988999999999996 9.4223
-1.8458999999999999 -11.2829 -3.8379999999999996
-4.2011 -11.8935 0.7858999999999999
-4.2011 -8.4917 4.2754
3.2141999999999995 -13.8998 5.2353
3.2141999999999995 -13.8998 7.3285
0.5966 1.978 11.7781
0.5966 2.0653 11.4291
0.5966 3.7224 10.731200000000001
0.5966 2.4143000000000003 11.7781
0.5966 3.4606 11.4291
0.859 4.3331 10.556799999999999
-1.7586000000000002 4.333 9.7717
-1.7586000000000002 4.5076 8.026800000000001
-4.1138 -14.161399999999999 1.9199000000000002
-4.1138 2.5887000000000002 7.503500000000001
-4.1138 -8.142000000000001 7.154000000000001
-4.1138 0.0585 10.731200000000001
-4.1138 2.327 9.5969
2.2542 -7.0952 1.9201
2.2542 -7.0952 4.2754
2.5166 -14.946599999999998 8.8113
3.9118 -10.410400000000001 10.9926
1.5566 -14.423 10.7314
1.5566 -14.946499999999999 10.0333
-3.4162 -9.5388 -2.6164
-3.4162 -8.0555 1.9201
-3.4162 -8.0555 4.2754
-3.4162 -7.531599999999999 4.2757000000000005
-3.4162 -7.6194 1.9201
-3.4162 -7.6194 4.2754
3.9991 -19.2212 1.6578
3.9991 -10.2356 -0.6097
3.9991 -10.6724 10.9056
1.6439 -15.383 4.2757000000000005
1.6439 -15.2957 7.3285
1.6439 -15.0343 7.3288
1.6439 -15.121 4.6243
1.6439 -15.383099999999999 7.3288
1.6439 -15.383099999999999 4.6243
1.6439 -15.383099999999999 4.2754
1.6439 -15.0339 4.2757000000000005
1.6439 -15.0339 7.3285
-0.9737000000000001 -15.6447 4.6243
0.6839 -12.678700000000001 4.2752
-1.4089 -14.946599999999998 10.295
-4.0265 -19.2212 -1.308
-4.0265 -9.276299999999999 -1.308
2.3415 2.8505 11.2545
2.6039 -14.249500000000001 1.9199000000000002
-0.0137 1.2795 11.9525
-2.3689 -6.0481 7.3288
2.6912 -10.410400000000001 11.0801
0.0736 -1.7728000000000002 11.9525
0.0736 -15.3829 7.3288
0.0736 -15.3829 4.6243
0.0736 -15.383099999999999 7.3288
0.0736 -15.383099999999999 4.6243
0.0736 -15.6447 7.3288
0.0736 -15.6447 4.6243
4.086399999999999 -13.550799999999999 4.2757000000000005
4.086399999999999 -10.4101 -0.6973
4.086399999999999 -8.9276 -1.0465
4.086399999999999 -13.463600000000001 7.3285
-1.584 -7.1823 -3.1399000000000004
-1.584 -6.6592 -2.2678
-3.9392000000000005 -1.9484000000000001 9.771199999999999
-3.9392000000000005 -2.1227 9.8586
-3.9392000000000005 -1.8608 9.6838
-3.9392000000000005 -1.8608 7.5033
-3.9392000000000005 -6.9216 11.0801
-3.9392000000000005 -8.9278 11.0801
-3.8518999999999997 -3.1694 11.08
2.5161 -6.1356 7.241300000000001
2.7785 -10.410400000000001 11.429
-2.4566999999999997 1.8030000000000002 11.5164
-2.1943 -6.833500000000001 11.2548
-2.1943 -8.4916 11.6907
-4.8119000000000005 -9.799900000000001 8.8119
-4.8119000000000005 -5.0887 9.5096
-4.8119000000000005 -6.8341 9.5099
-4.8119000000000005 -6.8341 9.858799999999999
-4.8119000000000005 -11.2831 6.543400000000001
-4.8119000000000005 -0.20339999999999997 7.5033
-4.8119000000000005 0.0585 9.247900000000001
-4.8119000000000005 -3.1694 9.8586
-4.8119000000000005 -3.1694 9.5095
-4.8119000000000005 -3.1694 9.858699999999999
-4.8119000000000005 -10.5852 4.2757000000000005
-4.8119000000000005 -10.5852 7.3285
-4.8119000000000005 -11.0214 4.2757000000000005
-4.8119000000000005 -9.7997 9.073599999999999
-4.8119000000000005 -10.4978 7.3288
-4.8119000000000005 -10.4978 9.684099999999999
4.1737 -19.2212 0.2623
4.1737 -5.0887 8.8117
4.1737 1.2802 9.5969
4.1737 1.3675 7.503500000000001
1.5561 -7.008100000000001 -2.9654
1.8185 -13.987 -3.9251
-3.1543 -6.833200000000001 7.4161
4.261 -10.410400000000001 0.2623
4.261 1.1926 7.7654
4.261 -8.4035 7.3285
4.261 -14.249 -0.7844
-0.7118 -4.7397 8.201500000000001
-0.7118 -12.678700000000001 4.2754
-3.0669999999999997 -3.6927000000000003 9.8586
0.6834 -6.0483 5.933
1.2082000000000002 -3.1694 11.8653
2.6034 -6.8336 4.2757000000000005
0.24819999999999998 -11.456800000000001 11.7781
-2.3694 -6.1356 7.3285
-4.724600000000001 -9.799900000000001 10.1205
-4.724600000000001 -11.8059 8.026800000000001
-4.724600000000001 -5.0887 10.0333
-4.724600000000001 -10.410400000000001 1.9199000000000002
-4.724600000000001 0.0585 9.5096
-4.724600000000001 -3.1694 9.858799999999999
-4.724600000000001 -3.1694 10.0334
-4.724600000000001 -10.5849 4.2757000000000005
-4.724600000000001 -11.282499999999999 1.2219
-4.724600000000001 -0.9014 10.1205
-4.724600000000001 -0.5522 9.858799999999999
-2.2821000000000002 -4.303599999999999 7.5036000000000005
-2.2821000000000002 -6.7463 -0.6094999999999999
-4.6373 -11.8935 1.9199000000000002
-4.6373 1.3668 7.503500000000001
-4.6373 -6.8341 10.295
-4.6373 0.0585 9.5971
-4.6373 -12.0676 7.154000000000001
4.3483 -9.1888 10.0333
4.3483 -6.833500000000001 10.0333
-0.6244999999999999 -14.1618 -4.2739
-0.6244999999999999 -14.1617 -4.2742
3.6506999999999996 -13.9873 7.3285
1.0331 -15.0334 -2.7914000000000003
-3.9397 -12.6788 0.5242
-1.2348 -3.1694 11.8653
-1.2348 1.9778 11.777999999999999
-3.8524000000000003 -11.8935 -1.308
-3.8524000000000003 -11.8935 -1.0461
-3.8524000000000003 -7.9681 4.2754
-3.8524000000000003 -14.249 0.6114999999999999
2.778 -7.0952 1.9201
2.778 -7.0952 4.2754
0.4228 -15.2083 10.0333
0.4228 -6.1356 1.5706000000000002
-2.1948 -4.2162999999999995 7.5033
-2.1948 -3.8672 9.8586
-2.1948 -9.6254 -3.6634
-2.1948 -14.1617 -3.7506999999999997
-2.1948 -3.7801 9.771199999999999
-2.1948 -3.7801 7.5033
-1.9324000000000001 -7.8805 -3.4017
-1.9324000000000001 -6.833699999999999 -2.0060000000000002
4.4356 1.2802 9.7717
1.818 -6.746499999999999 -2.0060000000000002
1.818 -7.008100000000001 -2.7039
-0.5372 -11.1958 -4.2742
4.5229 -12.6788 4.2757000000000005
4.5229 1.1926 9.5969
4.5229 -12.504399999999999 7.3285
4.5229 -12.33 4.2757000000000005
1.9053 -6.4846 4.2754
-2.8051 -14.946699999999998 4.6243
1.2077 -19.2212 -2.7041
1.2077 -19.2212 -4.0124
1.2077 -10.5863 -4.0996
1.2077 -14.249899999999998 -2.9653
1.2077 -19.2209 -2.7914000000000003
1.2077 -19.2209 -4.0996
1.2077 -10.410400000000001 -3.6634
1.2077 -10.410400000000001 -4.0123
1.2077 -14.1618 -4.0996999999999995
1.2077 -15.0334 -2.7914000000000003
1.2077 -10.411299999999999 -3.7506
1.2077 -14.1617 -4.0996999999999995
-3.7651 -3.3441 7.678100000000001
-3.7651 -11.9811 -1.2205000000000001
-3.7651 -7.881 1.9201
-3.5027000000000004 -12.1555 10.2076
-3.5027000000000004 -12.1555 10.295
2.8653 -7.6188 1.9201
0.2477 -4.7395 8.2012
-2.1075 -15.1214 7.3288
-2.1075 -13.987 10.295
-2.1075 -14.7724 7.3288
-2.1075 -14.0745 10.2073
-2.1075 -15.0337 9.0738
-2.1075 -14.8596 7.329
-2.1075 -14.5109 10.295
-2.1075 -15.208499999999999 7.329
-2.1075 -15.0339 9.422600000000001
-4.4627 -9.102 1.9201
-4.4627 -11.108 1.9201
-4.4627 -11.108 4.2754
-4.4627 -5.0889 9.8584
-4.4627 -6.833200000000001 9.8584
-4.4627 -9.7997 9.073599999999999
2.9526 -7.0952 1.9201
2.9526 -7.0952 4.2754
-4.3754 -6.9212 8.9862
-0.3626 -6.3974 1.9201
-0.3626 -6.3974 4.2754
-0.3626 -15.382599999999998 4.2752
-0.3626 -15.382599999999998 3.0543
-0.3626 -6.1356 1.9201
-0.3626 -6.1356 4.2754
-0.3626 -12.678700000000001 4.2752
-0.3626 -12.678700000000001 3.7517
-2.7178 -14.336199999999998 7.3288
3.6502 -7.8804 0.08760000000000001
3.6502 -7.793 0.08760000000000001
3.6502 -7.793 1.9199000000000002
3.6502 -12.678700000000001 2.3564000000000003
-1.3226 -5.0889 7.5034
-3.6778 -5.0887 8.5503
-3.6778 -6.8328 11.0802
-3.6778 -9.1017 -2.0060000000000002
-3.6778 -14.249 -1.308
-3.6778 -5.0888 11.0802
-3.6778 -8.1421 -1.2201
-3.4153999999999995 -13.377 10.295
3.7375 -8.1424 -0.6976
3.7375 -15.383099999999999 2.0946
3.7375 -15.383099999999999 1.9201
1.3823 -14.1617 -4.0996999999999995
-1.2352999999999998 -6.2231000000000005 4.2754
-1.2352999999999998 4.5076 9.6843
-3.5905 -3.5187000000000004 8.4633
-3.5905 -4.2162999999999995 8.637599999999999
-3.5905 -4.2162999999999995 8.2014
-3.5905 -11.9805 10.295
-3.5905 -5.0887 8.985999999999999
-3.5905 -7.4441 6.8049
-3.5905 -3.1694 7.5905000000000005
-3.5905 -12.155199999999999 10.2076
3.0399 -19.2212 0.2623
3.0399 -15.035000000000002 0.1749
3.0399 -7.9681 -0.7848
0.4223 -15.6448 4.4498999999999995
-1.9328999999999998 -14.0745 10.2073
-1.9328999999999998 -14.8596 7.329
-1.9328999999999998 -15.208499999999999 8.9865
-1.9328999999999998 -4.3907 8.201500000000001
-4.2881 -12.242899999999999 9.8586
-4.2881 -6.8341 9.073599999999999
-4.2881 -12.155199999999999 7.3288
-4.2881 -9.7997 7.3288
-4.2881 -9.7997 8.026800000000001
2.0799000000000003 -13.0281 11.2544
-2.8929 -13.3765 -2.6164
-2.8929 -3.1694 11.08
-2.8929 3.0241000000000002 10.731200000000001
4.5224 -11.1088 10.0336
2.1672000000000002 -13.987 10.0333
-2.8056 -13.986799999999999 10.3825
-2.8056 3.2863 9.5971
-2.8056 -19.2212 -0.9589000000000001
-2.8056 -19.2212 -1.308
-2.8056 -5.0884 11.167100000000001
-2.8056 -5.0884 11.4288
-2.8056 -3.1694 11.4288
-2.8056 2.2394000000000003 10.731200000000001
-2.8056 3.6353999999999997 9.8589
-3.5032 -15.383099999999999 2.6182
3.1272 -7.8804 -0.6976
3.1272 -3.0819 7.5033
3.1272 -3.1694 9.684099999999999
3.1272 -3.1694 7.5033
3.1272 -7.9681 -0.6973
3.1272 -7.9681 0.0883
0.5095999999999999 4.3333 10.6434
-1.8456000000000001 -7.8804 -3.4017
3.2145 -5.1761 8.114
-0.10070000000000001 -10.4102 -4.1869000000000005
-0.10070000000000001 -7.9676 -3.5765
-0.10070000000000001 -8.1424 -3.9251
-2.7182999999999997 -6.9212 7.3288
-2.7182999999999997 -6.9212 7.5034
-2.7182999999999997 -15.0339 4.2754
3.9121 2.5882 9.5972
1.5569 1.8033000000000001 11.6907
1.5569 -6.3101 4.363
1.5569 -6.7463 5.9326
-1.0607 4.4201999999999995 10.2949
-1.0607 4.2459 7.5033
-1.0607 4.6822 7.5033
-1.0607 -11.020299999999999 11.777999999999999
3.9994 -9.1018 4.712000000000001
3.9994 -8.9273 4.2757000000000005
1.6441999999999999 -6.397500000000001 -0.43499999999999994
1.6441999999999999 -6.833699999999999 1.9199000000000002
-0.9733999999999999 -7.8805 -3.7506999999999997
-3.3286000000000002 -8.1421 -1.9183
3.0394 -5.0889 8.114
3.0394 -3.1694 7.5033
3.0394 -3.1694 8.7247
3.3018 -9.4507 11.341700000000001
3.3018 3.2862 9.8589
3.3018 -6.833200000000001 8.2885
0.6842 -15.0334 -4.2742
-1.6709999999999998 -5.6995 7.3288
-1.6709999999999998 -15.4702 4.537
-4.2886 -8.6656 4.4502
-4.2886 -6.8341 10.295
-4.2886 -2.2963999999999998 7.5033
-4.2886 2.0650999999999997 7.503500000000001
-4.2886 -9.7997 10.295
2.3418 -15.0341 8.8116
2.3418 -13.9873 9.9459
2.3418 -14.423 10.208
2.3418 -13.987 10.0333
2.3418 -12.3301 10.9055
2.3418 -13.8125 10.7314
2.3418 -12.2427 11.2544
-0.0134 -8.753 -4.0996
2.4291 -13.9873 10.0333
2.4291 -13.900000000000002 10.0333
2.4291 -14.685400000000001 7.3288
2.4291 -14.423 9.9459
2.4291 -6.1355 7.241499999999999
2.4291 -7.0952 1.9201
2.4291 -14.4237 10.0333
2.4291 -14.946699999999998 7.3288
2.4291 -14.5975 7.3288
2.4291 -6.0483 7.3288
2.4291 -7.1826 4.2754
-2.5437000000000003 -11.8066 11.4289
-2.2813 -5.0889 7.8522
-2.2813 1.978 11.5164
4.0867 -8.317 4.2754
1.4690999999999999 -12.1546 11.6035
1.7315 -6.397500000000001 1.9199000000000002
-3.2413 -18.610599999999998 -2.878
3.1267000000000005 -7.9676 -2.0060000000000002
-4.2013 -11.8935 -1.308
-4.2013 -10.061499999999999 -1.308
-4.2013 0.0585 10.731200000000001
-4.2013 -3.1694 10.731200000000001
-4.2013 2.0650999999999997 9.5969
3.2140000000000004 -13.9874 4.2757000000000005
0.8588 4.6821 9.5093
-1.4964 -13.6379 11.2546
-4.114 -13.4635 -1.4826000000000001
-4.114 -14.0738 -1.308
-4.114 -9.8869 -1.4826000000000001
-4.114 0.0582 10.8185
-4.114 -3.1694 10.731200000000001
-4.114 -14.249 -1.308
2.5164 -10.410400000000001 -2.9654
2.5164 -13.376299999999999 -3.4890999999999996
2.5164 -14.1617 -2.9654
-4.8116 -5.0889 9.5967
-4.8116 -6.833200000000001 9.8584
-4.8116 -6.833200000000001 9.5096
4.1739999999999995 -9.1888 7.3288
4.1739999999999995 -9.1888 8.3758
4.1739999999999995 -9.1893 7.939499999999999
4.1739999999999995 -9.4511 7.3288
1.5564 -15.0343 4.9735000000000005
-3.154 -4.303599999999999 7.8525
-3.154 -13.3766 2.9666
-0.7115 4.7695 7.5033
-3.0667 -3.1694 11.4291
3.3013 3.3739 9.5093
3.3013 -13.202300000000001 10.556899999999999
-1.6715 -3.1694 11.4291
-4.0267 -12.1557 10.2951
-2.3691 -19.2217 1.9201
-2.3691 -15.383099999999999 1.9201
2.691 -9.2756 11.0799
2.691 -6.8331 11.429
2.691 -8.0552 -2.0060000000000002
2.691 -8.0552 -1.9185
2.691 -10.410400000000001 11.429
2.691 -10.410400000000001 11.0799
2.691 -7.9676 -2.7913
2.691 -5.961 8.2014
2.691 -14.859300000000001 7.3288
2.691 -14.249500000000001 -1.7442
0.3358 -3.1694 11.6034
0.3358 -3.1694 11.8653
1.7309999999999999 -13.377 11.2544
-0.6242 -6.1355 5.933
-0.6242 4.3333 10.7309
-3.2418000000000005 -9.276299999999999 -2.7039
-3.2418000000000005 -14.249500000000001 0.5237999999999999
3.3886 1.8033000000000001 10.4695
3.3886 -12.5035 -2.7036000000000002
3.3886 -14.1617 -1.8315000000000001
1.0333999999999999 4.2457 10.6442
1.0333999999999999 -6.2229 1.9201
-3.9394 1.3673 10.731200000000001
-3.9394 -12.940399999999999 4.2757000000000005
-3.9394 -12.940399999999999 7.3285
3.4758999999999998 -6.833500000000001 7.503799999999999
-1.4969 -5.0889 7.939400000000001
-3.8521 -8.6656 7.154000000000001
-3.8521 -9.5388 -2.0060000000000002
-3.8521 -14.3371 1.9199000000000002
-3.8521 -11.107899999999999 10.9927
-3.8521 -7.9677999999999995 4.2757000000000005
-3.8521 2.0650999999999997 7.503500000000001
-3.8521 2.0650999999999997 9.5969
-3.8521 -11.5441 10.295
2.5159000000000002 -15.470999999999998 3.4899
2.7782999999999998 3.2862 10.4694
4.1735 -13.2894 7.3288
4.1735 -9.0149 -0.6973
1.8183 1.7152 11.2547
1.8183 -2.1224 11.777999999999999
1.8183 0.843 11.777999999999999
-0.7993 -6.1356 2.3563
-3.1544999999999996 -9.0144 -1.9183
4.2608 -19.2212 -0.7844
4.2608 -19.2212 0.0005
4.2608 -10.410400000000001 10.0336
4.2608 -11.8938 10.0333
4.2608 -14.249500000000001 0.2623
4.2608 -14.249500000000001 -0.6974
1.9056 1.8033000000000001 11.6035
1.9056 1.8033000000000001 11.2545
1.9056 -3.1694 11.4289
1.9056 -3.1694 11.6908
1.9056 -3.1694 11.4292
1.9056 -3.1694 11.6906
1.9056 1.6281 11.6035
3.5631999999999997 -8.2294 1.9201
3.5631999999999997 -8.2294 4.2754
1.208 -5.0889 7.4161
1.208 -12.3301 11.6035
-3.7648 -9.1889 -2.0060000000000002
-3.7648 -7.880199999999999 1.9199000000000002
2.6032 -14.249899999999998 -1.7442
2.6032 -14.1618 -3.489
2.8656 -15.035000000000002 0.6986
-2.3695999999999997 -19.2212 1.9199000000000002
-2.3695999999999997 0.6688000000000001 11.6908
-2.3695999999999997 -15.035000000000002 1.8324
2.6904999999999997 -6.9209000000000005 -0.17329999999999998
2.6904999999999997 -13.3766 3.4028
2.6904999999999997 -12.678700000000001 3.4028
2.9529 3.1988999999999996 9.5972
0.3353 -17.825499999999998 4.2754
0.3353 -19.2217 3.0542
0.3353 -19.2217 4.1878
0.3353 -5.0884 11.6036
0.3353 -5.0884 11.8653
0.3353 -4.3035 8.201500000000001
0.3353 -4.3035 9.684099999999999
0.3353 -14.2491 4.4498999999999995
0.3353 -3.1694 11.6036
0.3353 -3.1694 11.8653
0.3353 -4.7397 8.201500000000001
0.3353 -15.383099999999999 3.0542
0.3353 -15.383099999999999 4.2754
0.3353 -4.478 9.858799999999999
4.3481 -3.1694 10.5571
4.3481 -3.1694 9.9461
4.3481 -11.8938 7.3288
4.3481 -10.3227 4.2754
4.3481 -8.7529 4.013
1.9929 -3.1694 11.341800000000001
1.9929 1.1053 11.6906
-0.6247 -11.544500000000001 11.7781
-0.6247 -5.2634 7.3288
-3.6775 -19.2217 1.9201
-3.6775 -8.0549 -0.8712
3.4754 -13.3766 1.9201
3.7378 -13.9873 4.2757000000000005
3.7378 -3.0819 7.5033
3.7378 -3.1694 11.079799999999999
1.1202 -6.4847 -2.0060000000000002
1.1202 -8.9276 -4.0124
1.1202 -6.2229 -0.43499999999999994
1.1202 -5.4377 7.3288
-3.5902000000000003 -4.2162999999999995 8.2012
-3.5902000000000003 -5.0887 8.899
2.7778 -7.3568 -2.0060000000000002
2.7778 -6.833200000000001 7.3288
2.7778 -7.444000000000001 -2.1806
0.16019999999999998 4.2461 10.731200000000001
0.16019999999999998 4.2461 10.8185
-2.1950000000000003 -14.1618 -3.7503
-2.1950000000000003 -12.678700000000001 3.6645
-4.5502 -11.8935 0.5237999999999999
-4.5502 -11.8935 0.5242
-4.5502 -12.1555 8.9864
4.4354 -6.5714999999999995 9.0733
4.4354 -10.410400000000001 1.92
4.4354 -10.410400000000001 10.4698
4.4354 -5.0889 9.858799999999999
4.4354 -10.4101 -0.6097
4.4354 1.6291 9.5969
4.4354 -6.833200000000001 9.858799999999999
2.0802 -15.2957 4.2754
-2.8926 -14.336199999999998 4.6243
-2.8926 -8.2295 -1.8307
-2.8926 -14.772599999999999 7.3288
-2.8926 -14.4239 4.2754
-2.8926 -14.3363 4.6243
-2.8926 -14.8598 4.6243
-2.8926 -8.1421 -1.8307
-2.6302 -7.8805 -2.0060000000000002
4.5227 -12.678 1.9201
4.5227 -12.678 4.2754
2.1675 -0.7263999999999999 11.6906
-2.8053000000000003 -3.1694 11.5163
3.8251 -14.249 0.43689999999999996
1.2075 -15.5575 7.3288
1.4699 -4.565099999999999 8.7248
-3.5029 -4.390899999999999 8.8116
-3.5029 -6.746099999999999 7.939499999999999
-3.5029 -17.825499999999998 2.618
-3.5029 -5.0887 8.3753
-3.5029 -6.833200000000001 7.939499999999999
2.8651 -5.0887 7.9395999999999995
2.8651 3.2866 7.5033
2.8651 3.8973 7.5033
-2.1077 -19.2212 -3.7503
-4.4629 -11.8935 -0.3481
-4.4629 -6.9212 9.073599999999999
-4.4629 -9.7126 -0.2609
-4.4629 -12.2426 -0.3485
-4.4629 -3.1694 9.8586
-4.4629 -3.1694 9.858799999999999
-4.4629 -10.5852 4.2757000000000005
-4.4629 -10.5852 7.3285
-4.4629 -12.679000000000002 7.3288
-4.4629 -12.5922 8.899
-4.4629 -10.5849 4.2757000000000005
-4.4629 -10.5849 7.3285
-4.4629 -12.6782 7.3285
-4.4629 -9.7997 9.073599999999999
0.5972 -13.115099999999998 11.5162
-4.3756 -11.196100000000001 1.9201
-4.3756 0.0585 10.5567
-4.3756 -13.638 -0.43550000000000005
4.61 -0.2035 10.1204
4.61 -12.3297 6.7177
4.61 -10.410400000000001 0.1749
4.61 -10.410400000000001 0.2623
4.61 -9.4511 7.3285
4.61 -10.5851 0.0005
-0.3628 -14.2486 3.2287999999999997
-0.3628 -15.382599999999998 3.0540000000000003
-0.3628 -15.382599999999998 4.2754
-0.3628 -9.4508 -4.1868
-0.3628 -12.678700000000001 3.7518000000000002
-0.3628 -12.678700000000001 4.2754
-0.3628 -13.376299999999999 11.429
-2.718 -9.276299999999999 -2.7041
-2.718 3.3737999999999997 9.6843
-2.718 3.3737999999999997 7.5033
1.2948 -15.0337 2.705
-3.4156 1.9778 10.9057
3.7373000000000003 -13.900000000000002 7.3288
3.7373000000000003 -13.5512 9.597
3.7373000000000003 2.2394000000000003 10.4694
1.3820999999999999 -5.0887 7.5033
0.6845 3.9844 10.3821
0.6845 1.8033000000000001 11.4291
-1.9331 0.5817 11.7781
-1.9331 -14.1617 -3.3144
-4.2883 -11.8935 1.9199000000000002
-4.2883 -12.155199999999999 7.3288
-4.2883 -14.249 0.5242
4.6973 -12.0686 4.2754
4.6973 -12.0678 4.2757000000000005
4.6973 -11.719100000000001 1.9199000000000002
4.6973 -10.410400000000001 1.309
4.6973 -10.410400000000001 1.9199000000000002
4.6973 -11.7193 1.9201
4.6973 -11.4576 1.1346
2.3421000000000003 -15.208499999999999 4.2757000000000005
4.7846 -0.0289 9.5096
4.7846 0.49439999999999995 7.503500000000001
4.7846 -1.8608 9.5972
4.7846 -1.8608 9.5969
4.7846 -5.0887 9.684
4.7846 -9.2766 9.9459
4.7846 -9.1893 9.3352
4.7846 -11.2826 7.3288
4.7846 -10.410400000000001 2.4437
4.7846 -10.410400000000001 4.2754
4.7846 -5.0889 9.7714
4.7846 -3.1694 9.5969
4.7846 -11.0214 2.0075
4.7846 -11.1952 8.8116
4.7846 -0.4647 9.6844
4.7846 -6.833200000000001 9.6843
4.7846 -10.3235 7.3288
2.167 -7.9676 -3.2272000000000003
2.4294 -15.035000000000002 1.7453
-0.1882 -15.5575 9.3355
-0.1882 4.5949 10.2074
-2.8058 -9.2759 11.5164
-2.8058 -6.746099999999999 8.027
-2.8058 -5.0889 8.027
-2.8058 -6.833500000000001 11.5164
-2.5433999999999997 -9.7121 11.6035
-2.5433999999999997 4.0715 7.5033
-2.5433999999999997 3.4610000000000003 10.731200000000001
-2.5433999999999997 -6.833500000000001 11.2548
-2.5433999999999997 -6.833500000000001 11.6035
-2.5433999999999997 -11.5441 11.0802
3.8246 -19.2212 -1.7442
1.4694 -6.222799999999999 7.154000000000001
1.4694 -14.4235 4.2754
1.4694 -6.659 6.0196
1.4694 -6.659 4.2754
1.4694 -14.2486 4.2752
1.4694 -14.2486 2.8798
1.4694 -6.1357 7.0668
1.4694 -13.3766 3.6642
1.4694 -13.3766 3.6645
1.4694 -13.3766 4.013
1.4694 -15.382599999999998 4.2752
1.4694 -15.382599999999998 2.705
1.4694 -15.383099999999999 4.2754
1.4694 -6.310200000000001 4.2754
1.4694 -6.2229 7.0668
1.4694 -6.1356 6.2816
1.4694 -12.678700000000001 3.7517
1.4694 -12.678700000000001 3.6645
1.4694 -12.678700000000001 4.0135
1.4694 -15.0339 2.6182
1.4694 -6.6591 4.2757000000000005
-0.8857999999999999 -5.4377 7.241499999999999
3.127 1.891 11.167399999999999
0.7718 -6.1356 4.2754
-1.8457999999999999 -11.544500000000001 11.1672
-1.8457999999999999 -14.161299999999999 10.8186
-4.201 -8.6656 4.2757000000000005
-4.201 -8.491 4.2757000000000005
-4.201 2.0646999999999998 9.7716
-4.201 -9.1017 -0.6967
-1.7585 -12.9408 11.341700000000001
-1.7585 -14.074100000000001 10.2951
-1.7585 -19.2212 -2.4421999999999997
-1.7585 -19.2212 -3.9251
-1.7585 -11.544500000000001 11.2546
-1.7585 -11.544500000000001 11.6036
-1.7585 -13.8124 11.0801
-1.7585 -14.249899999999998 -2.7041
-1.7585 -9.276299999999999 -3.7509
-1.7585 -9.276299999999999 -3.4017
-1.7585 -9.276299999999999 -3.4890999999999996
-1.7585 -9.276299999999999 -3.7506999999999997
-1.7585 -14.1618 -3.9251
-1.7585 -14.684800000000001 10.295
-1.7585 -14.5977 10.2951
-1.7585 -14.1612 10.295
-1.7585 -14.1617 -3.9252000000000002
-1.7585 -14.1617 -3.4889
-1.7585 -14.1617 -3.5763999999999996
-1.7585 -14.1617 -3.8379999999999996
-4.1137 -9.2762 1.9199000000000002
-4.1137 -18.959400000000002 -1.0461
-4.1137 -8.404 0.6982
-4.1137 -14.249500000000001 -1.308
4.6095 -10.410400000000001 10.0336
4.6095 -3.1694 10.2952
-0.10089999999999999 -12.9413 -4.2742
-0.10089999999999999 -6.4847 -2.6168
-0.10089999999999999 -6.3101 -1.7439
-0.10089999999999999 -19.2212 -4.1867
-0.10089999999999999 -19.2212 -3.0530999999999997
-0.10089999999999999 -7.8804 -3.4889
-0.10089999999999999 -6.9209000000000005 -3.3144
-0.10089999999999999 -9.2761 -4.0996999999999995
-0.10089999999999999 -9.1888 -3.7506999999999997
-0.10089999999999999 -18.0871 -4.2739
-0.10089999999999999 -14.249899999999998 -3.2276
-0.10089999999999999 -18.348200000000002 -4.2742
-0.10089999999999999 -19.2209 -3.053
-0.10089999999999999 -19.2209 -4.1868
-0.10089999999999999 -9.276299999999999 -3.8381
-0.10089999999999999 -9.276299999999999 -4.0996
-0.10089999999999999 -14.1618 -4.2739
-0.10089999999999999 -6.6592 -2.0060000000000002
-0.10089999999999999 -7.3568 -3.6633
-0.10089999999999999 -7.9676 -3.576
-0.10089999999999999 -7.9676 -3.8379999999999996
-0.10089999999999999 -6.397500000000001 -2.0060000000000002
-0.10089999999999999 -6.397500000000001 1.9199000000000002
-0.10089999999999999 -15.0334 -3.053
-0.10089999999999999 -7.8805 -3.8379999999999996
-0.10089999999999999 -6.1356 -0.6094999999999999
-0.10089999999999999 -6.1356 1.9199000000000002
-0.10089999999999999 -10.411299999999999 -4.1868
-0.10089999999999999 -10.411299999999999 -3.9251
-0.10089999999999999 -14.1617 -3.8381
-0.10089999999999999 -14.1617 -4.2742
-0.10089999999999999 -15.0349 -3.0530999999999997
0.16149999999999998 -5.0889 7.4161
0.16149999999999998 -5.3507 7.7649
0.16149999999999998 -5.6996 7.3288
0.16149999999999998 -5.6996 7.5034
-2.4561 3.3734 10.9057
3.9119 -12.155100000000001 10.5571
3.9119 -14.249500000000001 1.9199000000000002
3.9119 -14.249500000000001 -1.7442
1.5567 -6.3974 -0.6094999999999999
1.5567 -6.3974 1.9199000000000002
1.5567 -6.6592 -2.0060000000000002
1.5567 -7.008100000000001 -2.0060000000000002
1.5567 -6.658899999999999 -2.0060000000000002
1.5567 -6.397500000000001 1.9199000000000002
1.5567 -7.0078000000000005 -2.0060000000000002
1.5567 -6.7463999999999995 1.9199000000000002
-0.7985000000000001 -6.1357 4.2754
-3.4160999999999997 -7.5312 1.9201
-3.4160999999999997 -7.5312 4.2754
-3.4160999999999997 -13.725100000000001 1.9199000000000002
-3.4160999999999997 -7.9673 1.9201
-3.4160999999999997 -14.249 1.8324
3.9992 -10.4101 -0.6976
3.9992 -14.3371 -1.6568
3.9992 -8.6659 -0.6976
1.644 -14.1618 -4.0124
3.3015999999999996 -13.9873 4.2757000000000005
3.3015999999999996 -7.8804 -1.8313
0.9464 -15.383099999999999 4.1881
-1.6712 -9.5388 -3.8381
-1.6712 -19.2212 -4.0122
-1.6712 -16.2562 -2.5297
-1.6712 -18.3486 -2.4421999999999997
-4.0264 -7.8807 7.3288
-4.0264 -6.8328 10.9927
2.3416 -9.5382 11.6035
2.3416 -5.0889 8.114
2.604 -14.161499999999998 10.3825
-0.0136 -6.746499999999999 -3.1399000000000004
-2.6311999999999998 -11.5441 10.9927
-2.6311999999999998 -14.249500000000001 1.9199000000000002
-2.6311999999999998 -15.0349 -1.308
0.0737 -10.4102 -3.8379000000000003
0.0737 -10.4102 -4.1869000000000005
4.0865 -14.249 -1.4822
1.7312999999999998 -14.9468 4.9738
3.3889000000000005 3.2862 9.5969
0.7713 -19.2209 -4.2742
-1.5838999999999999 -9.9745 -3.4890999999999996
3.4762 -10.4101 -2.0060000000000002
3.4762 -10.4101 -1.8313
3.4762 3.2862 7.503500000000001
3.4762 -8.4913 -2.0060000000000002
1.121 -4.6522 9.858799999999999
-1.4966 -6.5718 -2.0060000000000002
-1.4966 -15.0349 -2.6168
2.5162 -6.834 11.1675
0.161 -10.411299999999999 -3.8379000000000003
-4.8118 -10.4975 5.1480999999999995
-4.8118 -10.4975 7.3285
-4.8118 -11.0205 4.2754
-4.8118 0.0585 7.503500000000001
-4.8118 0.23310000000000003 7.503500000000001
-4.8118 -10.584399999999999 4.2754
-4.8118 -10.4973 2.7925
-4.8118 0.3205 9.1606
4.1738 -12.33 4.6248
4.1738 -12.33 7.3285
-3.1542 -9.3643 -2.8785000000000003
4.2611 -12.3297 4.2757000000000005
4.2611 -12.3297 7.3285
4.2611 -11.9805 7.3285
4.2611 1.1926 8.3759
4.2611 1.1926 9.5969
4.2611 -14.3371 0.9603
4.2611 -12.155199999999999 4.2757000000000005
4.2611 -14.249500000000001 0.2623
1.6435000000000002 -6.8328 11.777999999999999
1.6435000000000002 -9.5382 11.7781
1.6435000000000002 -6.834 11.7781
1.9059 -6.4847 -0.43499999999999994
1.9059 -6.7463999999999995 -1.9183
-0.7117 -6.1356 1.9199000000000002
3.3011 -9.2759 -2.7039
3.3011 1.8033000000000001 10.4695
3.3011 -15.383099999999999 2.7925999999999997
3.5635 -7.8804 -0.6973
-4.0268999999999995 -12.155199999999999 10.295
2.6035 -7.8804 -2.0060000000000002
2.6035 -7.9676 -2.0060000000000002
2.6035 -6.833699999999999 1.9199000000000002
-2.3693 -15.383099999999999 1.9201
-4.7245 -11.108 1.9201
-4.7245 -0.46499999999999997 9.8586
-4.7245 -1.0758 7.5033
-4.7245 -9.7997 10.2076
2.6908000000000003 -12.1546 11.2547
2.6908000000000003 -12.2424 10.9057
2.6908000000000003 3.2866 10.4695
2.6908000000000003 -6.834 11.1675
2.6908000000000003 -6.834 11.5164
2.6908000000000003 -11.1074 11.4291
0.3356 -4.390899999999999 7.5033
0.3356 -4.303599999999999 8.7247
0.3356 -19.2217 3.0541
0.3356 -19.2217 4.1881
0.3356 -5.0887 7.7652
0.3356 -4.6522 8.7248
0.3356 -4.6522 9.858799999999999
0.3356 -15.383099999999999 3.0541
0.3356 -15.383099999999999 4.1881
0.3356 -4.3034 8.7248
0.3356 -4.3034 9.6842
0.3356 -4.6523 8.7247
-2.282 -15.1214 8.201
-2.282 -14.422799999999999 10.295
-4.6372 -9.625 3.9261
4.3484 -11.8935 7.3288
4.3484 -11.8059 10.0333
4.3484 -9.1893 10.0333
4.3484 -8.752799999999999 4.2757000000000005
4.3484 -3.1694 10.556899999999999
4.3484 -10.4101 -0.6976
4.3484 0.23210000000000003 10.4695
4.3484 -8.9273 7.3285
3.3884 -10.4102 -2.0060000000000002
3.3884 3.1988999999999996 9.8589
3.3884 -14.3363 6.8922
-1.5844 -6.310200000000001 4.2754
-1.322 -15.4712 -4.0996
3.4757000000000002 -10.4102 -2.5294
3.4757000000000002 -8.665799999999999 -2.0933
-3.8523 -11.8935 -1.308
-3.8523 -14.336199999999998 2.0075
-3.8523 -13.899600000000001 4.2754
-3.8523 -8.1421 1.9199000000000002
0.1605 -6.8328 11.6034
0.1605 -6.8328 11.8653
0.1605 -10.7588 11.429300000000001
0.1605 -6.833500000000001 11.6035
0.1605 -6.833500000000001 11.8653
0.1605 -11.5441 11.429300000000001
0.1605 -11.5441 11.777999999999999
-2.1947 -6.9207 -1.7439
-2.1947 -4.2162999999999995 8.201500000000001
-2.1947 -6.1355 7.3288
-2.1947 -3.9545999999999997 9.858799999999999
-2.1947 -3.8672999999999997 8.201500000000001
-2.1947 -7.0079 1.9199000000000002
-4.5499 1.0182 9.5971
-4.5499 -6.833500000000001 10.4696
4.4357 -11.0211 4.2757000000000005
4.4357 -10.9338 7.066699999999999
-0.7995 -15.6446 8.3756
-0.7995 -15.6446 7.329
-2.8923 -7.0077 4.2757000000000005
-2.8923 -7.8804 -2.3550999999999997
-2.8923 -7.5314000000000005 6.1071
-2.8923 -7.5314000000000005 4.2757000000000005
-0.7121999999999999 -9.2761 -4.0996999999999995
-0.7121999999999999 -9.0144 -4.0996999999999995
-0.44980000000000003 4.7695 8.8994
-3.0674 -19.2212 0.5237999999999999
-3.0674 -3.1694 11.4288
3.563 -13.9874 7.3285
-3.765 -17.825499999999998 2.0075
-3.765 -13.2889 3.4899
-3.765 -13.2889 4.2754
-3.765 -13.8124 1.9201
-3.765 -13.9872 4.2754
-3.765 -13.3766 1.9201
-3.765 -13.3766 4.2754
-3.765 -15.383099999999999 1.9201
-3.765 -14.1612 3.1411000000000002
-3.765 -12.678700000000001 1.9203000000000001
2.8653999999999997 -6.9209000000000005 7.503799999999999
2.8653999999999997 -6.833500000000001 7.3290999999999995
0.5102 -6.8328 11.5163
-2.1073999999999997 -7.0079 1.9199000000000002
-2.1073999999999997 -7.356999999999999 -2.0060000000000002
-2.1073999999999997 -7.356999999999999 -1.6563
-2.1073999999999997 -6.5718 -0.2605
-2.1073999999999997 -6.5718 1.9199000000000002
-4.4626 -6.8328 9.859
-4.4626 -5.0888 9.859
2.9527 3.1988999999999996 8.6372
2.9527 3.1988999999999996 7.503500000000001
-2.0201000000000002 -3.8672999999999997 9.7714
-2.0201000000000002 4.0714 10.2949
-2.9801 -16.6049 0.5237999999999999
-2.9801 -19.2212 0.5242
-2.9801 -7.5314000000000005 -1.8307
-2.9801 -15.035000000000002 0.5237999999999999
-2.9801 -15.035000000000002 0.5242
-2.9801 -14.1617 -2.7039
-2.9801 -14.249500000000001 -1.308
1.2951000000000001 -10.934000000000001 -4.0996999999999995
1.2951000000000001 -14.1617 -3.7506
-3.6776999999999997 -13.986699999999999 7.3288
-3.6776999999999997 -7.531599999999999 7.3285
-3.4153000000000002 2.1525 10.731200000000001
