419
3.5456000000000003 1.3722 -0.08109999999999999
3.5456000000000003 1.3247 -0.0336
2.3104 3.0348 -2.3136
1.9304999999999999 0.0416 0.013999999999999999
-2.7735 -2.5716 -2.7415
-2.7735 -2.5716 -2.4089
-2.1079 3.1773000000000002 -2.4089
3.6881999999999997 -0.8616 -2.3609999999999998
3.6881999999999997 -0.5288 0.013999999999999999
3.6881999999999997 0.0416 0.013999999999999999
-3.4861999999999997 -0.101 -2.4089
-3.4861999999999997 -0.101 -2.504
-3.4861999999999997 -0.101 -2.8365
-1.9653 -0.10139999999999999 0.013999999999999999
3.3083 -1.9063 -2.4089
3.3083 -1.7163000000000002 0.013999999999999999
0.5051 3.7477000000000005 -0.08109999999999999
3.4979999999999998 1.4673 -1.886
2.5956 -2.8091 -2.7415
-2.4882999999999997 2.4173 -2.4089
-3.7234999999999996 -0.1006 -0.0336
-3.7234999999999996 0.6596000000000001 -0.0336
-3.7234999999999996 0.7545999999999999 -2.4089
1.5500999999999998 3.1300000000000003 -2.4089
-1.9657999999999998 3.1299 -2.8365
-3.2009999999999996 -1.5265 -2.8365
-3.2009999999999996 -2.0490999999999997 -2.7415
-3.2009999999999996 -2.0490999999999997 -2.4089
3.6406 -1.0988 -0.08109999999999999
3.6406 -1.0988 -2.4089
1.503 -3.4267 0.013999999999999999
-2.6785 2.5597000000000003 -2.8365
1.1231 -3.9014 -0.1285
1.1231 -4.0446 -1.3635
1.6927 3.3201 -2.8365
-1.7761 -3.2842000000000002 0.013999999999999999
-1.4433 3.5099 -0.08109999999999999
-1.4433 3.5099 -2.4089
-1.4433 -3.4269000000000003 -2.8365
1.3128000000000002 -3.5220000000000002 -2.4089
1.3128000000000002 -3.2368 -2.4089
1.3128000000000002 -3.2368 -2.8365
1.3128000000000002 -3.4269000000000003 -2.8365
-1.3007 3.5574000000000003 -0.08109999999999999
-3.7711 -0.3862 -2.4089
-3.7711 -0.101 -2.4089
-3.7711 -0.101 -1.2208999999999999
-3.4383 -1.6214 -0.08109999999999999
3.0705 2.2744 -2.4089
1.1226 -3.9495000000000005 -2.6465
1.4554 3.51 -0.08109999999999999
1.4554 3.51 -2.4089
-3.2486 -1.8114000000000001 -2.8365
-1.1581 -3.9964 -2.3609999999999998
-1.1581 -3.9964 -0.271
-1.1581 -3.9489000000000005 -0.1762
1.0755000000000001 -3.997 -0.22360000000000002
-2.0604999999999998 3.1295 0.013999999999999999
-0.6355999999999999 -4.0442 -2.3136
-0.3028 -0.10139999999999999 -1.6009
-3.106 -1.5741 -2.8365
-1.0155 -4.0442 -1.1263
-2.2507 -2.6192 -2.7415
-2.2507 -2.6192 -2.8365
2.643 -2.7139 -0.0336
-3.2962 1.1344 -2.4089
-3.2962 1.0868 -2.8365
-3.2962 1.2294 -2.4089
3.4983 0.0416 -2.4089
3.4983 0.0416 -2.8365
1.9303000000000001 -2.9043 -2.4089
1.9303000000000001 -2.9043 -2.8365
-0.8729 -3.997 -2.4565
-2.1081 -3.1891999999999996 -2.7415
-2.1081 -3.1891999999999996 -2.4089
-3.6761000000000004 -0.1006 0.013999999999999999
-3.6761000000000004 0.897 -0.6038
2.7856 -2.5711 -2.4089
2.7856 -2.5716 -2.4089
-3.5334999999999996 1.3246 -0.08109999999999999
-3.5334999999999996 1.4196 -2.4089
-3.5334999999999996 1.4195 -2.4089
3.6409 1.1346 -2.4089
3.6409 -1.0984 -2.7415
3.6409 -1.0984 -2.4089
3.6409 0.8498 0.013999999999999999
0.8377000000000001 3.7001 -0.08109999999999999
-0.7303 -4.0922 -1.7912000000000001
-1.7758 2.9873 -2.8365
-1.443 3.51 -2.7415
-1.443 3.51 -2.4089
-2.1557 3.1299 -2.7415
-2.1557 3.1299 -2.4089
-3.7237 -0.101 -2.789
-3.7237 0.7541 -2.7415
3.7835 -0.2912 -2.1236
3.7835 0.0416 -0.08109999999999999
3.7835 0.0416 -2.4089
3.7835 -0.3388 -1.0789
3.7835 -0.24380000000000002 -2.7415
-1.2533 -3.9493 -0.31870000000000004
-1.2533 -3.9493 -2.4089
1.8356000000000001 3.3199 -2.4089
-1.3004 -3.1894 -2.4089
-1.3004 -3.1894 -2.504
-1.3004 -3.7595000000000005 -2.694
-1.3004 -3.902 -2.4089
0.6003999999999999 -4.0446 -2.3609999999999998
0.6003999999999999 -4.0446 -0.41359999999999997
-2.5356 2.8446 -2.4089
-1.1107 -4.0442 -1.4583000000000002
-0.7779 -4.4248 -1.696
-0.7779 -4.4248 -1.0311000000000001
-0.7779 -4.0446 -1.696
-0.7779 -4.0446 -1.0786
-2.0131 3.2248 -0.08109999999999999
3.5933 -0.7664 -2.8365
3.5933 1.2293 -2.7415
2.3581000000000003 -2.9043 -2.8365
1.6454 3.1299 -2.4089
1.6454 3.0824000000000003 -2.4089
1.6454 3.0824000000000003 -2.8364000000000003
-2.7258 -2.5717 -2.4089
-2.7258 -2.6663 -0.08109999999999999
-2.7258 -2.6663 -2.4089
-2.7258 -2.6668000000000003 -2.7415
-2.7258 -2.6668000000000003 -2.4089
2.1679 3.1299 -0.08109999999999999
2.1679 3.1299 -2.4089
2.1679 -3.0467 0.013999999999999999
0.5999 -5.185 -1.0311000000000001
0.5999 -4.3773 -1.9812
-3.7713000000000005 -0.1006 -1.1737
-3.7713000000000005 -0.1006 -2.4089
-3.7713000000000005 -0.4336 -2.7415
-3.7713000000000005 -0.4336 -2.5515
-3.7713000000000005 0.5172 -0.4613
-3.7713000000000005 -0.101 -2.4089
-3.7713000000000005 0.3745 -2.4089
-3.1057 -2.1915 -0.08109999999999999
3.0231999999999997 2.3222 -2.4089
3.0231999999999997 2.3222 -2.5991
3.0231999999999997 1.8472 -2.4089
3.0231999999999997 2.1798 -2.8364000000000003
-0.11280000000000001 3.4625000000000004 -2.4089
-1.6808 3.1299 -2.8365
-1.348 -3.427 -2.8365
-1.348 -3.1894 -2.4089
-1.348 -3.2845 -2.8365
1.9777 3.1773999999999996 0.013999999999999999
0.4097 -4.4248 -0.651
0.4097 -4.0446 -0.651
-3.6287 -1.1461000000000001 -2.7415
-3.6287 -1.1461000000000001 -2.4089
-3.6287 -0.8138 -2.8365
3.1658 -1.4786000000000001 -2.4089
3.1658 -1.5267 -2.5989999999999998
3.1658 -1.4314 -2.8365
3.1658 -2.0015 -2.7415
3.1658 -2.0015 -2.4089
3.1658 -2.0493 -2.7415
3.1658 -2.0493 -2.4089
3.1658 -1.9067 -2.8365
0.3626 0.0416 -1.6009
0.3626 0.0416 -0.0336
0.5523 -4.0446 -2.0286
2.4531 -2.9043 -2.4089
-0.6829 3.6526000000000005 -2.8365
-0.3501 -4.4248 -2.1712
2.9756 1.8472 -2.4089
2.9756 1.8472 -2.8364000000000003
2.9756 2.3695 -0.08109999999999999
-2.9636 -2.3813999999999997 -2.4089
3.4981 -1.4792 -0.08109999999999999
2.2629 -2.9043 -2.8365
2.2629 -2.9993 -2.789
-2.1083000000000003 3.1774999999999998 -2.4089
-2.1083000000000003 3.1300000000000003 -2.4089
-1.7755 3.2724999999999995 -2.8365
-3.3435 -1.8113000000000001 -0.08109999999999999
-3.3435 -1.8113000000000001 -2.4089
-3.7234000000000003 -0.7664 -0.08109999999999999
-3.7234000000000003 -0.101 -0.0336
-3.7234000000000003 -0.7189 -2.4089
3.1182000000000003 -1.5741 -2.4089
3.1182000000000003 -1.5267 -2.8365
3.1182000000000003 -2.1915 -0.08109999999999999
0.315 -0.006 -1.6009
-3.5337 -0.101 -2.4089
-3.2009000000000003 -2.0490999999999997 -2.4089
-3.2009000000000003 -1.9541 0.013999999999999999
0.8375 -3.997 -2.4565
-0.7305 -0.1006 -2.4089
-1.1103999999999998 -3.997 -2.5515
-2.3456 -2.5717 -2.4089
2.928 2.322 0.013999999999999999
3.2607999999999997 -1.8111 -2.8365
-0.208 0.7071 -2.4089
-0.5879 -4.0442 -0.41359999999999997
1.3129 3.5576000000000003 -2.4089
-0.2551 -5.185 -0.7462
-0.2551 -5.185 -2.0761000000000003
1.8354 3.3201 -2.4089
-2.5358 2.4173 -2.8365
1.5026 3.1300000000000003 -2.8365
2.3579 -2.9043 -2.4089
2.3579 -2.9518 -2.4089
0.7428 0.0416 -2.4089
-2.3931999999999998 -2.8569 -2.8365
2.8804 -2.3815 0.013999999999999999
2.5004999999999997 2.8444000000000003 -0.0336
-0.6355000000000001 3.7477000000000005 -2.7415
-0.6355000000000001 3.7477000000000005 -2.4089
-0.3027 -4.4248 -0.6035999999999999
-3.4387 1.2294 -2.8365
-3.4387 -1.6213000000000002 -2.7415
-1.5379 3.1300000000000003 -2.8365
-1.3481999999999998 -3.5220000000000002 -2.4089
-1.3481999999999998 -3.1891999999999996 -2.4089
-1.3481999999999998 -3.2842999999999996 -2.8365
-2.5834 2.7497000000000003 -2.7415
-2.5834 2.3695999999999997 -2.4089
-2.5834 2.3695999999999997 -2.8365
-3.2960999999999996 1.2296 -2.4089
-3.2960999999999996 1.2296 -2.8365
-3.2960999999999996 1.8948 -2.7415
-3.2960999999999996 1.8948 -2.4089
0.3624 -5.185 -0.7936000000000001
0.3624 -5.185 -2.0286
-3.676 -0.101 0.013999999999999999
-3.676 -0.9567000000000001 -0.9838
-3.676 -0.9567000000000001 -2.4089
-3.676 -0.6715 0.013999999999999999
-3.3432000000000004 1.6568 0.013999999999999999
3.6880999999999995 0.8974 -0.08109999999999999
3.6880999999999995 0.0419 0.013999999999999999
2.4529 -2.9038999999999997 -2.4089
-3.1535 -1.5265 -2.4089
-2.8207 2.4645 0.013999999999999999
-1.9654 -0.1006 0.013999999999999999
-3.5334 -1.384 -2.4089
3.3082000000000003 1.8946 -0.08109999999999999
2.073 3.1774999999999998 -2.7415
2.073 3.1300000000000003 -2.4089
-1.3958 -3.5220000000000002 -2.7415
-1.3958 -3.4741 0.013999999999999999
-1.3958 -3.1418 -2.504
-2.6310000000000002 2.7497000000000003 -2.4089
-2.2982 -2.9515 0.013999999999999999
-0.2077 -4.0446 -0.5559
-3.3437 -1.8114000000000001 -2.4089
1.8828 3.1300000000000003 -2.8365
0.6476 3.7477000000000005 -2.7415
0.6476 3.7477000000000005 -0.7938000000000001
0.6476 3.7477000000000005 -2.4089
0.6476 3.6526000000000005 -2.8365
-0.9204 -3.9964 -0.22360000000000002
-0.9204 -3.8539 -0.08109999999999999
-0.9204 -3.902 -2.694
0.9804 3.6526000000000005 -2.4089
-3.2011 -1.9539999999999997 -2.7415
-3.2011 -1.9539999999999997 -2.4089
-3.2011 -1.3837 -2.4089
-3.2011 -1.4313 -2.8365
2.4053 -2.9515 -0.1762
3.0709 2.2747 -2.4089
-0.3979 3.7477000000000005 -2.4089
1.5029000000000001 -3.5220000000000002 -2.7415
1.5029000000000001 -3.5220000000000002 -2.4089
0.12459999999999999 -4.4248 -0.6035999999999999
2.0254000000000003 -2.9043 -2.4089
2.0254000000000003 -2.9043 -2.8365
2.0254000000000003 3.2249 -0.08109999999999999
2.0254000000000003 -2.8565 -2.4089
2.0254000000000003 -2.8565 -2.8365
1.3127 -3.2843999999999998 -2.4089
1.3127 -3.2843999999999998 -2.8365
1.3127 -3.4745999999999997 -2.8365
1.3127 -3.902 -2.4089
0.0775 3.4625000000000004 -2.8365
-1.4905 3.1300000000000003 -2.4089
-3.0585 -2.0965000000000003 -2.8365
0.2672 -5.185 -0.7462
2.168 3.1299 -2.4089
2.168 3.1299 -2.7414
1.2656 -3.9494000000000002 -2.4089
1.2656 -3.9494000000000002 -0.36619999999999997
-3.7712000000000003 -0.101 -2.7415
-3.7712000000000003 -0.101 -2.4089
-3.7712000000000003 0.37420000000000003 -2.4089
3.4032 -1.7167000000000001 -0.31870000000000004
3.4032 -1.7167000000000001 -1.3157999999999999
3.0233 1.7519 -2.8365
3.0233 1.7043 -2.5515
3.0233 1.7043 -2.4089
3.0233 2.0843 -2.8365
0.2201 0.7069 -2.4089
-2.9159 2.4171 -0.0336
3.5458000000000003 1.1347 -2.8365
0.7426 -4.4248 -0.9835
0.7426 -4.4248 -1.8384999999999998
-2.3934 -2.524 -2.4089
-2.3934 -2.524 -2.8365
-2.3934 -2.5716 -2.4089
-2.3934 -2.5716 -2.8365
-2.0606 3.1774999999999998 -2.7415
-3.2958000000000003 1.8945 -2.4089
-0.6356999999999999 3.7477000000000005 -0.08109999999999999
-0.6356999999999999 3.7477000000000005 -2.4089
0.0299 -4.0446 -2.2189
1.9307 3.1299 -2.8364000000000003
3.6884 0.0416 -2.8365
3.6884 0.1369 -2.8365
0.21960000000000002 -4.4248 -2.2189
-0.6828 -5.185 -1.2689000000000001
-0.6828 -5.185 -1.5059
1.218 -3.9494000000000002 -0.22360000000000002
3.4981999999999998 0.041800000000000004 -2.4089
3.4981999999999998 0.041800000000000004 -2.8365
1.9302 0.0416 0.013999999999999999
0.695 -5.185 -1.5535999999999999
0.695 -4.0446 -0.8886
-0.5402 -4.0446 -0.7936000000000001
-3.6762 0.517 -2.8365
-3.6762 0.9440999999999999 -2.4089
3.1183 2.1794000000000002 -2.7415
-0.3505 -0.1006 -1.6009
-0.3505 -0.1006 -0.0336
-0.3505 -0.10139999999999999 -0.0336
-0.0177 -1.9543000000000001 0.013999999999999999
-0.0177 0.3748 -1.6009
-0.0177 0.3748 -0.0336
-0.0177 -3.4739 0.013999999999999999
-0.0177 1.9418000000000002 0.013999999999999999
-0.0177 -0.7188 -2.4089
-0.0177 -3.2843999999999998 -2.4089
-0.0177 -3.2843999999999998 -2.8365
-0.0177 -4.0442 -2.3609999999999998
-0.0177 -4.0442 -0.41359999999999997
-0.0177 3.6998 0.013999999999999999
-0.0177 -3.4745999999999997 -2.8365
-0.0177 1.3719999999999999 -2.4089
-0.0177 -3.759 -0.08109999999999999
-0.0177 -3.759 -2.4089
-0.0177 3.7477000000000005 -2.7415
-0.0177 3.7477000000000005 -2.4089
-0.0177 3.7477000000000005 -0.0336
-0.0177 -3.7595000000000005 -2.4089
-0.0177 -3.7595000000000005 -2.694
-0.0177 3.7001 0.013999999999999999
-0.0177 -0.3388 -1.6009
-0.0177 -0.3388 -0.0336
-0.0177 0.37420000000000003 -1.6009
-0.0177 0.37420000000000003 -0.0336
-0.0177 1.3726 -2.4089
-0.0177 -3.4745 -2.8365
-0.0177 -4.0446 -2.3609999999999998
-0.0177 -4.0446 -0.41359999999999997
-0.0177 -0.7189 -2.4089
-0.0177 -1.9541 0.013999999999999999
-0.0177 -3.7594000000000003 -2.4089
-0.0177 -3.7594000000000003 -2.694
-0.0177 -3.4736999999999996 0.013999999999999999
-0.0177 3.7473 -2.4089
-0.0177 3.7473 -0.0336
-0.0177 -3.2845 -2.4089
-0.0177 -3.2845 -2.8365
-0.0177 3.51 -2.4089
-0.0177 3.51 -2.8365
-0.0177 1.942 0.013999999999999999
-0.0177 -0.3387 -1.6009
-0.0177 -0.3387 -0.0336
-0.0177 3.6526000000000005 -2.8365
3.6408000000000005 1.1347 -2.4089
0.8376 -4.3773 -1.2689000000000001
0.8376 -4.4248 -1.2689000000000001
0.8376 -4.0446 -1.5059
-0.7303999999999999 -0.10139999999999999 -2.4089
1.1704 -3.997 -2.3609999999999998
-3.0111 2.322 -2.7415
-3.0111 2.3218 -0.08109999999999999
-3.0111 2.3218 -2.4089
2.9281 -2.4287 -0.08109999999999999
-0.5878 -5.185 -1.7912000000000001
-0.5878 -5.185 -0.9835
-3.3910000000000005 1.7520999999999998 -0.08109999999999999
-3.3910000000000005 1.5147000000000002 -2.8365
3.7834 0.27959999999999996 -0.08109999999999999
3.7834 0.08940000000000001 -2.7415
3.7834 0.041800000000000004 -2.4089
3.7834 0.0419 -0.08109999999999999
3.7834 0.0419 -2.4089
3.7834 0.1845 -2.1236
0.9802 3.6047000000000002 0.013999999999999999
-1.6333 3.1299 -2.4089
-1.6333 3.0823 -2.4089
-0.44520000000000004 -4.4248 -2.1236
-0.44520000000000004 -4.0446 -2.1236
-3.5811999999999995 1.2296 -2.7415
-3.5811999999999995 1.2296 -2.4089
-3.5811999999999995 1.2294 -2.7415
-3.5811999999999995 1.2294 -2.4089
-3.2483999999999997 1.2772000000000001 -2.5989999999999998
2.358 2.9873 -0.1762
0.7429 0.0416 -2.4089
-2.7258999999999998 2.6544000000000003 -1.506
3.7358000000000002 -0.624 -0.08109999999999999
3.7358000000000002 0.6594 -0.6038
-0.9682 3.6048999999999998 0.013999999999999999
0.9325999999999999 -3.902 -2.694
1.4551 3.51 -2.7415
3.3558999999999997 -1.8111 -2.7415
3.3558999999999997 -1.8111 -2.4089
-2.5833 -2.5717 -2.8365
-2.5833 2.4173 -2.4089
-2.5833 2.6549 -2.8365
-2.5833 2.7973000000000003 -2.7415
-2.5833 2.7973000000000003 -2.4089
-2.2505 3.0824000000000003 -0.08109999999999999
