1585
-3.5648 6.6951 -4.2168
-0.9408 5.2771 -7.8334
-1.7919999999999998 6.1281 -11.521
-2.6432 5.5602 2.3778
-0.8704 -3.4450000000000003 -13.2933
2.6752000000000002 5.2062 -9.1807
2.6752000000000002 5.2774 -11.8751
1.8239999999999998 8.1136 -4.2168
3.5968 6.8371 -4.2172
-2.2870999999999997 5.2061 -12.2992
-2.9975 8.113299999999999 -2.9409
-0.3735 5.9155 -6.9825
-0.3735 5.8446 -7.407800000000001
-1.2247 -4.154100000000001 -14.7123
-1.2247 8.6099 -2.9405
1.3993 8.254999999999999 -5.4222
1.3993 8.4681 -4.217
1.3993 8.4681 -5.4222
0.5481 5.9860999999999995 -12.0166
0.5481 8.4679 -6.9825
-0.3031 5.5602 3.7960000000000003
-0.3031 0.4556 -3.7914999999999996
3.2425 0.4556 -1.4516
3.2425 1.8027000000000002 -1.3096
2.3913 5.5612 -7.8334
2.3913 5.2062 -8.4007
3.3833 6.6953 -7.6916
1.1154000000000002 5.9155 -5.4224000000000006
1.1154000000000002 5.5607 -3.6494999999999997
2.8882000000000003 6.1278 -10.5277
1.1858 8.6099 -4.2168
1.1858 8.6099 -4.501
3.8098 0.4556 0.3215
3.8098 1.8027000000000002 -0.246
3.8098 4.2844 -11.2392
2.9586 2.3699000000000003 -11.5915
2.9586 2.299 -11.5915
2.9586 2.299 -11.166
2.9586 3.4331 -2.4443
2.9586 -2.1683999999999997 -13.8609
2.1073999999999997 5.5609 -7.6916
-3.3518 6.1986 -6.9825
-3.3518 6.6247 -6.9825
-4.202999999999999 -1.0344 -14.57
-4.202999999999999 2.299 -12.2299
-4.202999999999999 2.2988 -12.0174
-4.202999999999999 1.6605999999999999 -13.364500000000001
-4.202999999999999 2.6539 -12.2299
-4.202999999999999 -0.9631000000000001 -14.357600000000001
-4.202999999999999 0.7388 -17.3349
-2.4302 8.0426 1.3145
-3.2814 7.5457 -2.9402999999999997
-3.2814 0.4556 -1.3805
-3.2814 -1.9559 -15.1376
-3.2814 -1.1052 -13.364500000000001
-3.2814 -2.0977 -17.3353
-2.3598 6.1281 -5.4222
-3.6357 5.9154 1.2437
-3.6357 7.6173 -1.6634
-3.6357 7.5463000000000005 -2.9405
-1.8629 0.5266 -3.3659000000000003
-1.8629 6.340800000000001 -4.2173
-1.8629 6.340800000000001 -5.4224000000000006
-2.7140999999999997 7.333399999999999 2.0937
-2.7140999999999997 7.475099999999999 0.8182999999999999
-2.7140999999999997 0.4556 2.3067
-2.7140999999999997 0.4556 -2.7277
-2.7140999999999997 1.8027000000000002 2.165
-0.9412999999999999 7.758900000000001 -9.1807
-1.7925 -3.3741 -17.335
2.5339 4.2132000000000005 -12.4431
1.6827 4.000299999999999 3.4415
1.6827 4.5674 -3.4368000000000003
1.6827 5.7028 -6.9825
0.8314999999999999 5.4183 3.7249999999999996
2.6043 6.1992 -5.4224000000000006
3.5259 6.6952 -2.9405
3.5963000000000003 6.837400000000001 -8.117099999999999
-1.2956 3.5753 -15.1376
-1.2956 8.2554 -2.9405
-2.1468000000000003 1.3056999999999999 -11.9463
-2.1468000000000003 2.1564 -11.5212
-2.1468000000000003 2.2988 -11.3792
-2.1468000000000003 2.2988 -11.0953
-2.1468000000000003 -2.2388000000000003 -13.364300000000002
-2.1468000000000003 -2.8777 -13.293199999999999
-0.374 8.6808 -4.2168
-0.374 5.9155 -6.9825
-0.374 8.184 -6.9825
2.25 6.128 -4.2172
2.25 6.128 -5.4224000000000006
3.1716 5.5607 -1.4514
3.1716 6.2696000000000005 -1.4514
3.1716 6.9081 0.7469
4.0932 2.5826000000000002 -12.5142
4.0932 2.5826000000000002 -11.805200000000001
4.0932 2.3699000000000003 -11.805200000000001
4.0932 2.299 -12.726799999999999
2.3908 5.9156 -6.840599999999999
1.9661000000000002 3.7171999999999996 -13.6485
1.1149 8.3263 -4.2172
3.7388999999999997 6.7661 -0.1754
3.7388999999999997 6.1279 -8.4007
3.7388999999999997 5.9860999999999995 -8.4007
3.7388999999999997 6.765899999999999 -7.0535
3.7388999999999997 6.765899999999999 -7.407800000000001
3.7388999999999997 -0.6084 -15.1377
3.7388999999999997 6.411899999999999 -8.4007
3.7388999999999997 5.5607 0.5341
3.7388999999999997 5.5607 -0.6003999999999999
3.7388999999999997 7.191699999999999 -1.4513
3.7388999999999997 6.766500000000001 -6.9825
3.7388999999999997 6.4117 -7.904400000000001
3.7388999999999997 6.4117 -8.117099999999999
3.7388999999999997 6.979 -1.4513
3.7388999999999997 6.9081 -1.3804
3.7388999999999997 -0.9631000000000001 -17.3356
3.7388999999999997 5.4190000000000005 -9.1807
2.8877 8.113299999999999 -5.4222
2.8877 -3.0907 -14.144699999999998
-0.7987 8.3971 -7.337000000000001
-1.6499 5.915299999999999 -6.4152000000000005
-3.3522999999999996 -1.743 -17.3353
-3.3522999999999996 2.299 -11.3077
-3.3522999999999996 2.299 -11.6622
-3.3522999999999996 0.4556 1.3141999999999998
-3.3522999999999996 4.2132000000000005 -9.9608
-1.5795 -3.8701 -14.0027
-1.5795 8.539 -5.4224000000000006
2.8173 5.2063 -9.1807
2.8173 6.9081 -9.251900000000001
-3.7066000000000003 6.1282000000000005 0.8178
-3.7066000000000003 7.5457 -2.9402999999999997
-3.7066000000000003 5.5607 0.8178
-3.7066000000000003 2.2276000000000002 -17.2642
-3.7066000000000003 7.4749 -1.3806
-1.9338000000000002 8.1135 -4.2168
-1.9338000000000002 8.1135 -2.9407
-1.9338000000000002 6.0571 -4.2173
-2.785 -3.3029 -14.5701
-2.785 -3.3029 -17.3353
1.6118000000000001 0.4556 -3.4368000000000003
1.6118000000000001 0.4556 -3.1531000000000002
2.5334 6.553599999999999 -4.2168
2.5334 6.4826999999999995 -2.9407
2.5334 4.7802999999999995 -2.3731999999999998
2.5334 5.5602 -2.3021
2.5334 6.0574 -3.0116
4.3062000000000005 0.384 -14.215800000000002
4.3062000000000005 -0.3959 -14.6418
1.7526 8.1842 -7.407800000000001
-4.0609 3.2205 -12.2304
-3.1392999999999995 5.5607 -2.2315
-3.1392999999999995 1.8027000000000002 -1.5225
-1.3665 8.1135 1.0301
-1.3665 8.6099 -0.8137
-2.2177 -3.7283999999999997 -14.7123
2.1791 3.7168 -17.3353
1.3278999999999999 7.6168 -9.251900000000001
1.3278999999999999 -3.7286 -14.427999999999999
1.3278999999999999 -3.9412999999999996 -13.9319
1.3278999999999999 -4.083 -14.924599999999998
1.3278999999999999 -3.7283999999999997 -14.924599999999998
1.3278999999999999 2.2277 -10.9538
0.4767 -4.2959 -14.8543
3.1007 2.1568 -15.137999999999998
3.1007 2.1568 -17.3356
3.1007 3.5753 -10.882200000000001
3.1007 4.2842 -9.8901
3.1007 2.2987 -17.3356
3.1007 2.299 -11.2369
3.1007 0.4556 2.2358
2.2495000000000003 6.1279 -4.2168
3.1711000000000005 6.1282000000000005 -9.1807
3.7384 6.4829 -7.8334
-3.7752 4.2844 -10.1756
-3.4936000000000003 6.412 -8.117099999999999
-3.4936000000000003 6.412 -7.8334
-1.7208 6.199000000000001 3.3703999999999996
-2.572 -3.3737999999999997 -14.3573
-2.572 -2.0977 -13.364500000000001
-3.4232 5.5609 0.8178
-3.4232 -2.0977 -14.57
-2.5016 6.1988 -10.953
-2.5016 5.2063 -12.0879
-2.5016 5.5607 -2.9402999999999997
-0.7288 -4.0120000000000005 -13.790099999999999
-0.7288 -2.9489 -13.364500000000001
2.7464 0.4556 -2.3731999999999998
1.8952 5.8446 -2.9405
1.8952 5.5607 -2.9405
3.6679999999999997 5.8445 0.8892000000000001
3.6679999999999997 7.191599999999999 -5.9189
3.6679999999999997 5.5607 0.7476
3.6679999999999997 7.2626 -4.2168
3.6679999999999997 7.4756 -5.4224000000000006
3.6679999999999997 6.9078 -5.4224000000000006
3.6679999999999997 2.2277 -17.3356
3.6679999999999997 6.9079 -2.9407
-3.2079000000000004 4.922499999999999 -11.8742
-3.7775000000000003 3.5753 -12.5139
-3.7775000000000003 5.6318 -0.8128
-3.7775000000000003 5.5609 0.8178
-3.7775000000000003 3.5041999999999995 -12.584699999999998
-3.7775000000000003 6.694999999999999 -1.3805
-3.7775000000000003 6.9078 0.0373
-3.7775000000000003 -2.0977 -14.57
-3.7775000000000003 3.788 -12.2304
-2.8559 3.2203000000000004 -17.3356
-1.9343 7.5461 2.6612
0.6897 8.3971 1.9526999999999999
-0.16149999999999998 2.2988999999999997 -10.8824
-0.16149999999999998 2.2988999999999997 -11.236699999999999
-0.16149999999999998 3.5039000000000002 -10.5282
-0.16149999999999998 2.5117000000000003 -11.165799999999999
-0.16149999999999998 4.2841 -9.8195
-0.16149999999999998 4.2132000000000005 -9.3937
3.3137 2.2987 -13.9319
1.6113 -1.9556 -12.6553
4.2353000000000005 0.7389 -12.9389
4.2353000000000005 1.3061 -13.1518
3.3841 7.1204 -6.4151
3.3841 7.1921 -5.4224000000000006
3.3841 7.191599999999999 -5.4224000000000006
3.3841 5.5607 0.7476
3.3841 2.7245 -14.641599999999999
2.5329 7.5464 0.8888999999999999
-3.2102 6.2698 -9.0388
-3.2102 6.2698 -9.1807
-3.2102 7.5463000000000005 -2.9405
-3.2102 7.9718 -1.167
-3.2102 -2.0977 -15.1376
-3.2102 -2.0977 -17.3353
-3.2102 7.5461 0.8182999999999999
-2.2886 3.5041999999999995 -13.7898
-2.2886 -3.6575999999999995 -16.909399999999998
1.1865999999999999 8.3971 -6.9825
0.33540000000000003 4.4255 3.7961
0.33540000000000003 5.5602 -3.437
0.33540000000000003 0.4556 -3.7914999999999996
-1.367 -3.3028000000000004 -13.364400000000002
2.1082 3.7876 -14.641599999999999
2.1082 3.1496999999999997 -15.137800000000002
3.0298 8.0425 -5.4224000000000006
3.0298 7.5464 1.0308
2.1786 -3.0906 -15.137900000000002
2.1786 -3.0906 -17.3356
3.9514 1.7315 -17.193
-0.7974 5.2061 -12.8662
-3.351 7.3332 -7.6916
-3.6349 6.765599999999999 -8.4007
-0.0893 8.042399999999999 -7.6916
-2.6429 8.2552 -5.4222
-3.4941 4.7802999999999995 -0.0332
-3.4941 4.4963999999999995 -0.0332
-3.4941 0.4556 -1.4514
-3.4941 3.1493 -0.0332
-0.8701000000000001 4.213299999999999 -17.3353
-0.8701000000000001 4.2843 -14.499600000000001
-1.7212999999999998 4.6383 3.4415
-1.7212999999999998 -3.5158 -14.3573
-1.7212999999999998 -3.8703000000000003 -17.335
-1.7212999999999998 -3.8703000000000003 -14.3573
-1.7212999999999998 -3.4448 -15.1376
-2.5725000000000002 6.624099999999999 -10.245
-0.7997000000000001 5.2064 -12.7972
-0.7997000000000001 7.0496 -10.5989
1.8242999999999998 6.8373 -10.386099999999999
1.8242999999999998 7.9719 0.8883
1.8242999999999998 5.5609 3.2994999999999997
1.8242999999999998 5.2066 -12.1587
1.8242999999999998 5.2066 -12.3718
1.8242999999999998 7.4044 -9.1807
1.8242999999999998 5.5607 2.9448
1.8242999999999998 7.0496 -9.1807
1.8242999999999998 8.3972 0.3208
1.8242999999999998 7.475099999999999 2.0942
1.8242999999999998 5.2067000000000005 -12.371400000000001
1.8242999999999998 5.2067000000000005 -11.9458
1.8242999999999998 7.3332999999999995 -9.1807
1.8242999999999998 6.9081 3.0867999999999998
1.8242999999999998 5.2774 -12.3718
1.8242999999999998 7.5461 2.6616999999999997
0.9731 8.3263 -5.4224000000000006
0.12190000000000001 8.3968 -5.4224000000000006
0.12190000000000001 5.9155 -5.4224000000000006
0.12190000000000001 8.326 -5.4224000000000006
0.12190000000000001 6.1992 -5.4224000000000006
3.5971 6.837 -4.2168
3.5971 6.8371 -2.9405
3.5971 0.4556 1.3143
3.5971 7.5463000000000005 -2.9405
1.0434999999999999 5.2061 -12.795100000000001
3.6675 7.1212 -5.4222
3.6675 6.6953 -7.6916
3.6675 7.4756 -5.4222
3.6675 7.1915000000000004 -6.8407
3.6675 7.1915000000000004 -6.9825
2.8163 7.900500000000001 -6.8407
-3.8484 -0.9631000000000001 -14.57
-2.0756 1.447 -11.8753
-2.9268 0.4556 2.3778
-2.0052 8.4681 -4.217
2.3916 4.6383 2.5194
2.3916 4.6383 2.4486
2.3916 5.5602 2.4486
1.5404 4.7802999999999995 -3.5077999999999996
1.5404 5.5602 -3.437
1.5404 5.5602 -3.1532999999999998
1.5404 0.4556 -3.2952000000000004
1.5404 0.4556 -3.437
4.1644 -0.9631000000000001 -14.0745
4.1644 -0.9631000000000001 -17.3356
3.3132 5.6319 0.7476
1.1157 8.254999999999999 -4.217
0.2645 -2.2389 -12.6553
2.0372999999999997 6.1282000000000005 -2.8694
2.0372999999999997 4.2843 -13.2224
2.0372999999999997 3.4334000000000002 -14.285700000000002
2.0372999999999997 3.4334000000000002 -14.428199999999999
2.0372999999999997 3.7168 -13.5767
2.1077 -3.7994 -14.9247
-2.4299 5.8447 -6.9825
-1.5083 5.5602 3.5123
-1.5083 1.8027000000000002 3.1579
2.8861999999999997 7.403700000000001 -8.117099999999999
-3.6353999999999997 6.6955 -8.5426
-2.7138 5.2063 -9.1807
-1.7922 7.5463000000000005 -9.1807
-2.6433999999999997 -3.3736 -14.57
0.8318000000000001 -4.2250000000000005 -14.499899999999998
0.8318000000000001 8.113199999999999 -6.840599999999999
0.8318000000000001 5.9865 -6.840599999999999
0.8318000000000001 5.9156 -6.840599999999999
-0.0194 5.5602 3.5124000000000004
-0.0194 5.5602 3.7961
-0.0194 4.2843 -14.4985
-0.0194 0.4556 3.5832999999999995
-0.0194 0.4556 3.7961
-0.8706 8.1844 -8.117099999999999
-0.8706 8.4678 -6.9825
2.6046 3.5044 -14.428199999999999
2.6046 8.2552 -0.9554999999999999
1.7534 -2.5225999999999997 -13.364300000000002
1.7534 2.2987 -11.0246
1.7534 2.2987 -11.3793
1.7534 -3.6575999999999995 -13.8609
1.7534 -3.5157000000000003 -13.577200000000001
1.7534 -2.665 -13.009599999999999
1.7534 -2.665 -13.081000000000001
1.7534 -2.665 -13.4353
1.7534 1.4479 -11.804499999999999
0.9022 7.3332999999999995 -10.0318
0.9022 -2.665 -12.8682
3.5262000000000002 4.7802999999999995 1.4561
3.5262000000000002 5.5602 1.2434
3.5262000000000002 5.5602 -1.3096
3.5262000000000002 5.5602 -1.3093000000000001
3.5262000000000002 5.5602 -1.3807
3.5262000000000002 5.5602 1.2430999999999999
3.5262000000000002 5.5602 1.3143
3.5262000000000002 0.4556 -1.3096
3.5262000000000002 0.4556 -1.3093000000000001
3.5262000000000002 -2.5232 -14.57
3.5262000000000002 4.3545 -1.5224
3.5262000000000002 1.8027000000000002 -0.0329
3.5262000000000002 1.8027000000000002 -0.0333
2.675 5.3474 -2.7279
2.675 0.4556 -2.3731999999999998
3.6670000000000003 7.1212 -7.1953000000000005
3.6670000000000003 4.3553 -11.6617
-3.0681 5.5607 2.3068
-3.0681 2.2991 -15.1376
-3.0681 2.2991 -17.3356
-3.9193 -1.0344 -13.4356
-3.9193 4.2843 -11.3077
-3.9193 4.2843 -10.3866
-3.9193 2.2988 -12.2304
-3.9193 2.2988 -13.364500000000001
-3.9193 -0.9631000000000001 -13.364899999999999
-3.9193 0.7388 -13.6486
-0.44409999999999994 5.8443000000000005 -5.5645
-2.1465 7.7581 -8.4007
-2.1465 -3.4448 -13.719100000000001
-2.9977 4.2843 -10.3156
-0.3737 8.6808 -4.217
-1.2248999999999999 8.3262 -6.9825
-1.2248999999999999 8.2553 2.0235
-1.2248999999999999 5.5602 -3.2951
-1.2248999999999999 2.2988 -10.9538
-1.2248999999999999 0.4556 -3.3661000000000003
-1.2248999999999999 0.4556 -3.5787
1.3991 -3.8703000000000003 -13.8609
1.3991 -3.3739 -13.8609
1.3991 -4.083 -14.924599999999998
0.5479 2.1568 -10.9538
0.5479 8.1842 -8.117099999999999
0.5479 8.1842 -8.187999999999999
2.3207 -3.5867999999999998 -14.924599999999998
2.3207 -3.5867999999999998 -17.3356
2.3207 -3.6576999999999997 -17.2641
2.3207 -3.6576999999999997 -14.9247
2.3207 -3.0906 -17.3356
2.3207 -3.0194 -15.1377
2.3207 -3.0194 -17.3356
2.3207 -3.3035 -14.9247
1.4695 8.539 -4.2173
1.4695 8.4681 -5.4220999999999995
0.6183 8.6099 -5.9188
3.2423 6.1279 -9.1807
3.2423 6.8373 -8.8261
2.3911000000000002 8.0423 -7.0535
1.9664000000000001 8.4681 -1.3093000000000001
1.9664000000000001 2.2988 -11.0244
1.9664000000000001 8.3261 0.8883
2.888 5.4183 2.4486
2.888 3.2205999999999997 -17.3353
2.888 0.8813 2.5194
-2.5008 3.5753 -14.428199999999999
-2.5008 8.1839 -6.4859
-2.5008 3.5045 -13.3642
-2.5008 3.5045 -14.428199999999999
-2.5008 5.915299999999999 -6.840599999999999
-3.3520000000000003 5.3484 -11.165899999999999
-3.3520000000000003 4.3545 1.8813
-1.5792000000000002 -3.5869999999999997 -14.3573
-1.5792000000000002 -3.4450000000000003 -17.335
-1.5792000000000002 -3.4450000000000003 -15.1376
-2.4304 7.1913 -9.1807
-2.4304 6.6953 -10.244499999999999
-2.4304 5.2776000000000005 -12.0878
-2.4304 0.4556 -2.9405
-2.4304 6.8372 -9.1807
0.1936 6.1988 -4.2168
0.1936 6.1279 -3.7913
0.1936 5.5607 -3.508
0.1936 5.7737 -3.508
0.1936 5.8444 -4.2168
-0.6576000000000001 2.1568 -10.9538
-0.6576000000000001 -2.5225999999999997 -13.2224
-0.6576000000000001 -2.5225999999999997 -12.7972
-0.6576000000000001 0.3838 -12.158900000000001
-0.6576000000000001 2.2987 -11.3082
-0.6576000000000001 -4.0122 -13.7897
-0.6576000000000001 -3.0199 -13.0102
-0.6576000000000001 2.2988 -11.3085
-0.6576000000000001 2.2988 -10.9538
-0.6576000000000001 0.7385 -12.017700000000001
-0.6576000000000001 -3.0188 -13.009699999999999
-0.6576000000000001 -2.665 -13.2224
-0.6576000000000001 -2.665 -13.222900000000001
-0.6576000000000001 -2.8771999999999998 -13.364400000000002
-1.5088000000000001 3.5042999999999997 -15.137900000000002
-1.5088000000000001 3.5042999999999997 -17.3353
-1.5088000000000001 4.0005 -14.4285
-1.5088000000000001 4.0005 -17.3353
2.9561 5.1352 -8.7575
-2.0039000000000002 8.0423 -7.6916
-3.7062999999999997 6.8369 -5.4222
-2.7847 2.2988999999999997 -11.0952
-3.6359000000000004 2.2987 -17.3353
-3.6359000000000004 -1.2461 -13.222600000000002
-3.6359000000000004 2.1564 -11.4501
-3.6359000000000004 2.2988 -11.4499
-3.6359000000000004 2.2988 -13.364500000000001
-3.6359000000000004 -1.2468 -13.2935
-3.6359000000000004 2.2983 -11.8048
-1.0119 5.5602 -3.2951
-1.8631000000000002 6.624 3.1578000000000004
-1.8631000000000002 6.7661 3.1578000000000004
-1.8631000000000002 5.5609 2.9454000000000002
-1.8631000000000002 7.5462 2.1654
-1.8631000000000002 7.5462 2.6616
-1.8631000000000002 5.5607 2.9447
-1.8631000000000002 5.7028 3.2996999999999996
-1.8631000000000002 7.5461 2.0937
-2.7143 -2.5225 -13.364300000000002
-0.0903 8.3264 0.8887
-0.0903 5.5609 3.5122
-0.0903 5.5609 3.7959
-0.0903 8.2553 1.1017000000000001
-0.0903 8.1135 2.6613
-0.0903 8.6808 -2.9399
-0.0903 8.6808 -0.5296000000000001
-0.0903 8.6099 0.8887
-0.0903 6.7661999999999995 3.6539
-0.0903 8.539 1.4563
-0.0903 5.4903 -7.478899999999999
-0.0903 5.7737 -7.549799999999999
-0.0903 8.3972 -2.9399
-0.0903 8.3263 -7.478899999999999
-0.0903 8.042399999999999 -7.478899999999999
-0.0903 7.5463000000000005 2.7321
-0.0903 8.3261 1.0309000000000001
-0.0903 7.5461 3.2285
-0.0903 7.5461 2.8034
-0.9415 6.2697 3.6539
-0.9415 7.333399999999999 3.2994000000000003
3.4553000000000003 0.5266 -1.6642000000000001
3.4553000000000003 5.5607 -1.4514
3.4553000000000003 5.5602 -0.0329
3.4553000000000003 5.5602 -0.0333
3.4553000000000003 -1.6011000000000002 -13.2224
3.4553000000000003 6.340800000000001 1.3855
3.4553000000000003 6.9081 -1.4514
2.6041000000000003 -1.8845 -12.867700000000001
0.9721000000000001 8.2549 -7.6916
-3.1390000000000002 7.191699999999999 -8.4007
-3.1390000000000002 6.269900000000001 -9.1807
-2.2174 7.688000000000001 -8.4007
1.3282 -4.012099999999999 -17.3356
4.0226 2.299 -11.8043
4.0226 3.3622 -11.7333
3.1713999999999998 6.411600000000001 -1.4514
3.1713999999999998 6.6953 0.7471
3.1713999999999998 6.4826 -4.2172
3.1713999999999998 7.5463000000000005 -2.9402
2.3906 5.4191 -8.117099999999999
2.6018 5.2061 -12.015099999999999
3.7386999999999997 5.9154 -9.1807
3.7386999999999997 5.3483 -9.1807
3.7386999999999997 -0.9631000000000001 -17.3356
3.7386999999999997 -0.9631000000000001 -14.0027
3.1691 4.3553 -12.4412
3.1691 4.2844 -12.4412
-3.4229000000000003 5.7736 -8.046100000000001
-3.4229000000000003 6.5537 -2.9409
-3.4229000000000003 5.5607 0.8178
-3.4229000000000003 2.2988 -13.577
-3.4229000000000003 7.192 -7.9752
-4.2741 0.5968 -13.364500000000001
-4.2741 1.0223 -12.726
-4.2741 0.029599999999999998 -13.6486
-4.2741 0.7388 -13.364899999999999
-4.2741 0.7388 -13.364500000000001
-4.2741 -0.4667 -16.484099999999998
-0.7988999999999999 8.6099 -5.9188
-0.7988999999999999 8.539 -5.9188
-2.5013 8.3262 -0.8845000000000001
-2.5013 6.1989 -4.2168
-2.5013 6.411899999999999 -2.9409
-2.5013 6.4826 -4.2168
-2.5013 6.4117 -3.0826
1.8955 8.113299999999999 -2.9402
1.8955 5.4904 -7.6916
1.0443 5.9154 -5.4224000000000006
2.8171 4.6383 2.5907
2.8171 5.5602 2.5194
2.8171 0.4556 2.5196
2.8171 0.4556 2.5907
-3.7068 -2.2398000000000002 -14.996
-3.7068 -2.0977 -14.5701
-3.7068 -2.0977 -17.3353
-3.7068 -0.9631000000000001 -17.3349
-1.0828 8.539 1.0301
-1.934 5.5607 -2.8694
-0.16119999999999998 4.2842 -9.8193
-0.16119999999999998 4.213299999999999 -9.394
-0.16119999999999998 4.213299999999999 -13.7188
-0.16119999999999998 4.213299999999999 -17.3353
-0.16119999999999998 4.0715 -14.144200000000001
-0.16119999999999998 4.0006 -14.4283
-0.16119999999999998 4.0006 -14.4285
-0.16119999999999998 2.3699000000000003 -10.8116
-0.16119999999999998 2.299 -11.2369
-0.16119999999999998 3.2205999999999997 -10.7409
-0.16119999999999998 4.2843 -13.7198
-0.16119999999999998 4.2843 -14.4285
-0.16119999999999998 4.2843 -17.3351
-0.16119999999999998 4.2843 -14.428199999999999
-0.16119999999999998 3.8586 -10.244399999999999
-0.16119999999999998 3.8588999999999998 -15.1376
-0.16119999999999998 3.8588999999999998 -17.3351
-0.16119999999999998 3.8588999999999998 -17.3353
-0.16119999999999998 4.0714 -14.0745
-1.0124 8.042399999999999 -8.4718
1.6116 -4.012099999999999 -16.6261
3.3844 0.4556 -1.3093000000000001
3.3844 0.4556 1.2430999999999999
2.5332 6.1988 -4.0749
2.5332 5.9864 -2.9407
2.5332 6.5535 -4.2168
2.5332 6.5535 -3.3661999999999996
-4.0611 2.0859 -13.4356
-0.5859 4.9938 -8.4007
-2.2883 5.5602 3.0869
-2.2883 0.8813 3.0869
0.4061 1.8737 3.7961
3.0301 0.7389 -12.3716
3.0301 0.7389 -11.9463
3.0301 2.2988 -11.5918
3.0301 2.2988 -11.2372
0.47650000000000003 8.6099 -5.9189
3.9516999999999998 0.6678 -14.002500000000001
3.9516999999999998 0.6678 -14.0027
3.1005000000000003 6.8371 -2.9405
3.1005000000000003 5.5607 -1.4514
-3.4938 7.6173 -0.3881
-3.4938 3.5045 -12.2304
-3.4938 6.4114 -9.1807
-3.4938 7.191699999999999 -2.9409
-3.4938 7.191699999999999 -5.4222
-3.4938 7.1918 -5.4222
-2.5722 5.5602 -2.8694
-2.5722 -3.4448 -14.3573
0.903 8.468 -6.840599999999999
-0.7993999999999999 2.1565999999999996 -10.9538
-0.7993999999999999 8.1845 -7.8334
-2.5018 3.504 -17.3356
1.8245999999999998 1.6598000000000002 -11.7338
1.8245999999999998 -3.6575 -13.8609
1.8245999999999998 -2.5229 -12.9388
1.8950000000000002 3.2916 -15.137999999999998
1.8950000000000002 3.2916 -17.3356
1.0437999999999998 8.0417 -8.4007
3.6678 6.1279 -9.1807
3.6678 7.4756 -2.9409
3.6678 7.120799999999999 -4.2172
3.6678 7.2627 -2.9409
3.6678 6.9079 -5.4224000000000006
2.8166 7.8301 0.8888999999999999
-2.0753 6.128 -2.9407
-2.9265 -1.8846000000000003 -13.009599999999999
-3.7777 6.7661 -6.840599999999999
-3.7777 7.262499999999999 -5.4224000000000006
-3.7777 7.0498 -6.840599999999999
-3.7777 6.765899999999999 -1.3806
-3.7777 6.765899999999999 -1.5226
-3.7777 7.2627999999999995 -5.4224000000000006
-3.7777 6.411600000000001 -8.117099999999999
-3.7777 0.7389 -17.3353
-3.7777 5.3482 -9.1807
-3.7777 6.2698 -8.4007
-3.7777 7.0501 -6.840599999999999
-3.7777 5.5602 -0.0332
-3.7777 5.5602 0.8175999999999999
-3.7777 6.9787 -2.9409
-3.7777 6.9787 -2.9402999999999997
-3.7777 6.9787 -5.4224000000000006
-3.7777 7.191699999999999 -2.9409
-3.7777 7.191699999999999 -5.4222
-3.7777 7.120799999999999 -6.8407
-3.7777 6.6956 -6.9825
-3.7777 0.4556 -0.0332
-3.7777 0.4556 0.4632
-3.7777 6.3412999999999995 -7.6916
-3.7777 6.6247 -8.117099999999999
-3.7777 6.0569 -9.1807
-3.7777 6.269900000000001 -8.4007
-3.7777 7.3336 -2.9409
-3.7777 5.9873 -8.4007
-1.1537 5.4893 -3.6496
-1.1537 1.8027000000000002 -3.2951
-1.1537 0.9523 -3.6496
-2.0049 8.468 -4.2168
-2.0049 2.2274 -11.024799999999999
-2.0049 5.9156 -2.9402999999999997
-2.0049 -2.3099000000000003 -13.364400000000002
0.6191 8.2554 -7.904400000000001
0.6191 8.2554 -7.8334
-0.23210000000000003 7.1204 -10.5281
-0.23210000000000003 5.5609 -8.046100000000001
-0.23210000000000003 7.900500000000001 -8.117099999999999
-0.23210000000000003 5.4191 -8.117099999999999
-0.23210000000000003 7.7587 -9.322700000000001
-0.23210000000000003 5.348 -7.8334
-0.23210000000000003 7.4041999999999994 -9.251900000000001
-0.23210000000000003 5.2067000000000005 -12.371400000000001
-0.23210000000000003 5.2067000000000005 -12.7972
-0.23210000000000003 5.2774 -12.7972
-1.9345 6.411899999999999 -4.7133
2.3919 6.9079 2.6611
1.5407 4.000299999999999 -3.0822
1.5407 5.8443000000000005 -6.3442
1.5407 5.5602 -3.4368000000000003
1.5407 5.5602 -3.0822
1.5407 5.915299999999999 -6.4152000000000005
1.5407 0.4556 -3.4368000000000003
3.3135 1.8027000000000002 -1.0967
3.3135 1.8027000000000002 1.1012
3.3135 1.8027000000000002 1.2430999999999999
4.2351 0.668 -13.1518
4.2351 0.668 -17.3356
4.2351 1.3061 -13.2943
3.3839 6.6952 -7.6916
3.3839 7.1212 -4.217
3.3839 7.1212 -5.4222
3.3839 6.765899999999999 -7.407800000000001
3.3839 6.765899999999999 -6.9825
-3.2104 4.6383 -1.3095
-3.2104 5.5602 -1.4514
-3.2104 1.8027000000000002 -1.3805
-3.2104 1.8027000000000002 -1.4514
-1.4376 3.7171000000000003 -14.4285
-2.2887999999999997 5.5607 3.0869
-2.2887999999999997 3.717 -14.499600000000001
-0.516 7.5463000000000005 3.1576
3.8808000000000002 4.2844 -10.4597
3.0296 -2.7351 -13.8609
3.0296 -1.4583000000000002 -12.867700000000001
3.0296 2.2271 -11.663
3.0296 2.2271 -11.2377
3.0296 -2.1683999999999997 -13.8609
2.1784000000000003 7.6869000000000005 -8.4007
-0.7272 4.2844 -9.3239
-2.4296 5.4191 -8.117099999999999
2.0353 5.2061 -8.4024
2.0353 5.1352 -8.4024
-1.8623 4.2132000000000005 -9.5357
-3.5646999999999998 2.3701 -17.3356
-3.5646999999999998 5.4183 1.4562
-3.5646999999999998 -2.4524 -17.3353
-3.5646999999999998 6.908 0.8887
-3.5646999999999998 5.5607 -1.4518
-3.5646999999999998 6.340999999999999 -9.1807
-3.5646999999999998 5.5602 1.3141999999999998
-3.5646999999999998 1.7323000000000002 1.3853
-3.5646999999999998 2.2991 -17.3356
-3.5646999999999998 7.5461 -0.38739999999999997
-2.6431 0.4556 2.3778
-1.7215 8.3971 1.0301
-1.7215 8.539 -0.3881
2.6753 3.4332000000000003 -14.4285
3.5969 5.2773 -10.5277
3.5969 6.1278 -9.3229
3.6672999999999996 6.2697 -7.6916
-2.2166 5.8447 -6.8407
-3.8486 5.5609 -0.24650000000000002
-3.8486 2.1569000000000003 -11.520900000000001
-3.8486 5.5602 -0.246
-3.8486 6.4826 -0.45840000000000003
-1.2246 5.9154 -4.2168
-2.0758 3.5041999999999995 -14.428199999999999
-2.0758 3.5041999999999995 -14.2152
-2.0758 3.4333 -14.2152
-2.0758 5.7025 -7.4788
-2.0758 6.0571 -4.9967999999999995
-2.0758 6.0571 -5.4224000000000006
-0.303 -4.2959 -16.767699999999998
-0.303 4.0006 -14.428199999999999
1.4698 5.5602 3.5124000000000004
1.4698 5.5602 3.1579
1.4698 0.4556 3.5124000000000004
1.4698 0.4556 3.2998
3.2426000000000004 4.000299999999999 -1.1675
3.2426000000000004 4.5674 1.1012
3.2426000000000004 5.5602 -1.0967
3.2426000000000004 5.5602 -1.3093000000000001
3.2426000000000004 5.5602 1.2430999999999999
1.5402 8.0426 0.8887
3.3834000000000004 6.4117 -7.8334
3.3834000000000004 5.9151 -7.8334
1.9667000000000001 8.254999999999999 -6.840599999999999
1.1155 6.2700000000000005 -4.9967999999999995
1.1155 6.2700000000000005 -4.2172
1.1155 6.128 -4.7134
1.1155 6.128 -5.4224000000000006
0.2643 5.5602 -3.7914999999999996
0.2643 0.4556 -3.7914999999999996
0.2643 0.4556 -3.5787
0.2643 1.8027000000000002 -3.5077999999999996
-1.4381 7.9009 2.5903
2.0371 3.4334999999999996 -14.4283
2.0371 4.2842 -13.5068
2.0371 4.2842 -13.2943
2.0371 5.7025 -7.4788
2.0371 3.7879000000000005 -17.3356
2.0371 8.3972 -2.9404
2.0371 8.3972 -4.2168
2.0371 8.1136 -2.9404
2.0371 3.2916 -17.3356
3.8099000000000003 0.668 -17.3356
3.8099000000000003 0.6678 -15.1377
3.8099000000000003 0.6678 -17.3356
2.9587 -2.3104 -13.8609
2.9587 6.3408999999999995 -5.4224000000000006
2.9587 8.1135 -2.9409
2.9587 8.113299999999999 -2.9402
2.9587 -2.6653 -14.924599999999998
3.0290999999999997 7.5461 -7.6916
-3.5629 4.3553 -12.0157
-3.3516999999999997 7.900600000000001 -2.9409
-4.2029 0.7389 -17.3353
-4.2029 0.8808 -17.3353
-4.2029 0.7388 -14.782799999999998
-4.2029 1.5895 -13.364500000000001
-2.4301 -2.0977 -13.435500000000001
-3.2813000000000003 5.5602 1.3141999999999998
-3.2813000000000003 5.5602 1.2430999999999999
-3.2813000000000003 2.2988 -14.428199999999999
-3.2813000000000003 1.8027000000000002 1.1722
-0.6573 -4.2250000000000005 -14.427999999999999
-0.6573 -3.8703000000000003 -14.427999999999999
-1.5085 3.5753 -15.1376
-1.5085 3.5753 -17.3353
-1.5085 4.0715 -14.4285
-1.5085 4.0006 -17.3353
-2.9956 5.1352 -8.7575
-1.9331999999999998 5.490600000000001 -7.6916
-3.6356 7.617400000000001 -5.4222
-2.714 3.4333 -14.428199999999999
-0.09 8.5389 1.4566000000000001
-0.09 8.3262 0.8891
-0.09 7.5463000000000005 3.1579
-0.09 7.5463000000000005 2.8028999999999997
-0.09 8.1134 2.6612
-0.9412 -2.1676 -12.6552
-1.7924 3.9297 -17.3353
0.8316 8.4678 -6.840599999999999
0.8316 8.1839 -6.415
0.8316 8.1839 -6.840599999999999
0.8316 5.9862 -6.840599999999999
0.8316 8.042399999999999 -8.4717
0.8316 8.042399999999999 -8.4007
-0.8708 4.2843 -14.428199999999999
2.6044 6.0574 -3.0116
2.6044 7.5463000000000005 0.7463
1.7531999999999999 5.5607 -2.9407
1.7531999999999999 5.4899000000000004 -7.8331
1.7531999999999999 5.4190000000000005 -7.8331
3.526 7.688300000000001 -2.9402
3.526 7.6172 -1.0968
3.526 7.5463000000000005 -2.9402
3.526 6.9081 0.6758
-3.0683 7.5463000000000005 1.0301
-2.1467 2.1565999999999996 -11.0956
-2.1467 -2.948 -13.2933
-2.1467 2.2988 -11.3792
-2.1467 -1.8842 -12.726
-2.1467 -2.3099000000000003 -13.364400000000002
-2.9979 6.7658 -9.464500000000001
-1.2251 0.5266 -3.5787
-1.2251 5.5602 -3.2951
-1.2251 5.5602 -3.5787
-1.2251 0.4556 -3.3659000000000003
-1.2251 1.8027000000000002 -3.2951
3.1717000000000004 6.8371 -2.9405
3.1717000000000004 4.2843 -9.89
3.1717000000000004 4.2843 -11.8043
2.3205 5.6316999999999995 -3.0116
1.5396999999999998 5.1362 -8.258899999999999
3.3829 5.0643 -11.3072
1.9662 6.128 -5.4224000000000006
1.9662 6.0571 -4.9967999999999995
1.115 4.1424 -17.3351
1.115 5.2062 -8.117
3.739 0.7389 -15.137999999999998
2.8878 5.5602 -2.3731999999999998
2.8878 0.4556 -2.5152
2.8878 0.4556 -2.3731999999999998
-3.4226 7.2627999999999995 -5.4224000000000006
-1.6498 7.5459 -9.322999999999999
-1.6498 7.0496 -10.244499999999999
-2.501 7.6882 1.9525000000000001
-2.501 -2.807 -13.364500000000001
-2.501 -3.4448 -14.3573
-2.501 -2.9489 -14.3573
-3.3522000000000003 2.3701 -11.6626
-3.3522000000000003 4.2843 -9.961
-3.3522000000000003 2.2991 -11.6626
-1.5794 4.000299999999999 3.0869
-1.5794 8.3971 1.0301
-1.5794 8.1135 1.0301
-1.5794 8.539 -0.1044
-1.5794 8.539 -2.9405
-1.5794 5.5607 -3.508
-1.5794 5.5602 3.0869
-1.5794 5.5602 3.4415
-1.5794 5.5602 3.1579
-1.5794 8.3972 1.0301
-1.5794 8.2554 -2.9405
-1.5794 0.4556 3.2287000000000003
-1.5794 0.4556 3.4415
-1.5794 0.4556 3.2289
-1.5794 8.0427 1.0301
0.1934 7.4752 -9.0388
0.1934 7.4752 -9.1807
0.1934 5.3481000000000005 -8.4717
0.1934 5.2063 -8.4007
0.1934 7.8298000000000005 -9.1807
0.1934 7.758900000000001 -8.4007
0.1934 8.6808 -2.9407
0.1934 7.8296 -9.1807
0.1934 5.3482 -8.4717
0.1934 7.7587 -8.4007
0.1934 6.1989 -4.2168
0.1934 5.5607 -3.508
0.1934 8.3972 -4.2168
0.1934 8.3972 -2.9407
0.1934 8.042399999999999 -8.4007
0.1934 5.8444 -4.2168
0.1934 5.2062 -8.4007
0.1934 6.0569 -3.7205000000000004
0.1934 7.4754000000000005 -9.038699999999999
0.1934 7.4754000000000005 -9.1807
-0.6577999999999999 -3.8701 -14.3573
-0.6577999999999999 5.5607 -3.7913
-0.6577999999999999 -3.6575999999999995 -13.435500000000001
-2.8552999999999997 4.2843 -12.2304
-2.8552999999999997 7.049900000000001 -9.1097
-0.2313 5.6319 -7.8334
-2.7849 3.3624 -14.4288
-2.7849 7.475099999999999 0.605
-2.7849 7.5461 0.8178
-1.0121 8.2549 -7.8334
-1.8633 6.340999999999999 -4.217
-1.8633 6.270100000000001 -5.4222
-1.8633 6.1281 -4.217
0.7607 7.7587 -9.1807
0.7607 6.6954 -11.0952
-0.0905 7.4752 3.2994000000000003
-0.0905 5.5609 3.5122
-0.0905 7.5462 2.8035
-0.0905 5.7735 3.7960000000000003
2.5335 -3.5159000000000002 -15.562999999999999
0.8311000000000001 8.4678 -6.8407
0.8311000000000001 8.4678 -6.9116
3.4551 7.688300000000001 -1.0259
3.4551 5.5607 -1.4514
2.6039 8.113199999999999 -6.4861
1.7527000000000001 2.299 -10.9532
-3.2096 7.6876 -7.0536
-3.1392 7.1918 1.5983
-3.9904 0.7388 -13.364899999999999
-1.3664 8.2554 -4.2172
-1.3664 8.2554 -5.4224000000000006
-3.0688 5.5611 -11.236699999999999
0.4064 8.539 -5.9189
-0.4448 -4.2959 -14.925099999999999
-1.2959999999999998 -3.4448 -13.364500000000001
1.328 -4.0831 -14.4288
1.328 -3.7287 -14.4288
4.0224 -1.6012 -14.499899999999998
4.0224 2.2277 -13.1518
3.1712 7.404 -7.6916
2.32 7.8295 -7.8335
-2.5719 7.5463000000000005 1.0309000000000001
-2.5719 4.2132000000000005 -9.677299999999999
-3.4231 -1.7427000000000001 -13.293199999999999
-3.4231 2.2274 -11.3081
-1.6503 5.348 -8.117099999999999
0.1225 5.4183 3.4415
0.1225 5.9155 -5.4224000000000006
0.1225 8.326 -5.9189
0.1225 8.326 -5.4224000000000006
0.1225 6.1992 -5.4224000000000006
0.1225 6.128299999999999 -5.9189
-0.7287 2.3701 -10.8116
-0.7287 8.6808 -0.1044
1.8953000000000002 7.3332 -9.464699999999999
-1.5095 8.3259 -7.0536
3.6681 -1.0342 -15.1377
-3.7774 5.2775 -9.1807
-3.7774 3.8583 -12.2299
-3.7774 7.1918 -5.4222
-3.7774 -1.9561 -14.0735
-2.8558 8.1135 -4.2168
-2.8558 8.1135 -2.9407
-2.8558 8.1845 -2.9407
-1.9342000000000001 8.4681 -5.4222
0.6898 5.2774 -12.7972
-0.1614 8.6099 1.0301
1.6114 5.2067000000000005 -11.9458
3.3842 6.1279 -8.4007
3.3842 7.8298000000000005 -3.6494999999999997
3.3842 6.8371 -1.4514
3.3842 7.2627 -2.9409
3.4546 5.8443000000000005 -8.117099999999999
3.4546 7.1209999999999996 -7.8335
3.4546 7.546600000000001 -6.6987000000000005
-2.3588999999999998 5.2064 -11.5918
-2.3588999999999998 5.6319 -11.8039
-2.3588999999999998 6.7663 -9.251900000000001
-4.0613 1.0223 -12.300899999999999
-4.0613 2.2988 -13.222600000000002
-1.4373 7.5462 2.9451
-2.2885 5.3489 -8.117099999999999
0.33549999999999996 8.6099 0.8891
-1.3669 8.326 -4.217
-1.3669 1.2356 -3.5787
-1.3669 8.2552 -4.217
-2.2180999999999997 8.042399999999999 -2.9409
2.1083000000000003 3.8587000000000002 -14.3565
3.0299 -2.3104 -17.3356
3.0299 -2.3104 -14.0027
3.0299 -2.3104 -13.4354
3.0299 -3.0195 -16.0583
3.0299 -3.0195 -14.499899999999998
3.0299 -2.9485 -17.3356
3.0299 2.299 -15.137800000000002
3.0299 2.299 -17.3353
3.0299 0.6678 -12.0172
3.0299 0.5969 -12.443200000000001
3.0299 -2.2395 -14.0027
3.9515000000000002 -1.5306 -14.0027
3.9515000000000002 -1.6721 -17.3356
3.9515000000000002 0.668 -13.1518
3.1003 5.5607 2.1648
-1.5077 5.8443000000000005 -6.2024
-3.4939999999999998 -0.8212 -13.4356
-3.4939999999999998 7.3335 0.46290000000000003
-3.4939999999999998 6.6953 -7.478899999999999
-3.4939999999999998 6.6953 -7.6916
-3.4939999999999998 5.5602 -1.6642000000000001
-3.4939999999999998 5.5602 -1.4514
-3.4939999999999998 -0.9631000000000001 -13.364899999999999
-3.4939999999999998 0.9523 -1.4514
-1.7212 -2.7355 -13.009699999999999
-1.7212 5.8444 -6.4151
-1.7212 -3.9414 -17.335
-1.7212 -3.9414 -14.3573
-1.7212 7.9708000000000006 -8.117099999999999
-1.7212 -3.4450000000000003 -17.335
-1.7212 -3.4450000000000003 -15.1376
-2.5724 5.9866 -2.9409
-2.5724 2.2274 -11.0953
0.05159999999999999 5.5609 3.4412
-0.7996 -4.2250000000000005 -17.335
-0.7996 -4.2250000000000005 -14.3573
1.8244 8.4678 -5.4224000000000006
1.8244 8.0426 2.0231
1.8244 5.7735 -6.8407
2.746 6.9786 -9.1807
2.746 7.9719 0.6754
2.746 5.2066 -11.1661
2.746 6.624099999999999 -9.8901
2.746 6.4823 -9.1807
2.746 5.5602 2.5196
3.6676 6.0575 -8.117099999999999
-3.9187 4.3553 -10.317
-3.9187 4.2844 -11.1681
-2.1458999999999997 5.348 -8.046100000000001
-2.1458999999999997 8.184 -6.9825
-3.8483000000000005 5.2063 -10.103
-0.3731 8.0423 -7.478899999999999
-1.2243 5.3481000000000005 -7.7623
-2.9267000000000003 0.5266 2.3778
-2.9267000000000003 5.5602 2.4489
-2.9267000000000003 5.5602 2.3778
-2.9267000000000003 5.1345 -2.5149999999999997
-1.1539000000000001 -4.154100000000001 -16.625799999999998
-1.1539000000000001 5.4888 3.6542
1.4701 8.539 -5.4224000000000006
0.6189 -4.2250000000000005 -14.4288
0.6189 -4.2250000000000005 -17.3353
0.6189 -3.9412000000000003 -14.4288
0.6189 -3.7996000000000003 -15.137900000000002
0.6189 7.9718 2.8028999999999997
-0.2323 7.7587 -9.322999999999999
-0.2323 5.2064 -12.371400000000001
-0.2323 5.2064 -12.7972
-0.2323 7.4749 -9.1807
-0.2323 6.4115 -11.521
-1.0835 5.3485 -12.6549
3.3133000000000004 7.5463000000000005 0.3921
2.4621 7.8301 1.6691
2.4621 8.042100000000001 -6.9825
2.8141 4.2844 -9.6778
-3.2106000000000003 7.5461 -1.3805
-3.2106000000000003 7.5461 0.8178
0.2646 8.6808 -3.5781
0.2646 8.3263 -4.2168
2.0374 8.3972 -2.9409
0.40540000000000004 5.8443000000000005 -5.4935
-2.4298 4.3553 -13.150300000000001
-3.2809999999999997 4.0713 -10.599
-3.2809999999999997 3.3622 -11.094999999999999
-3.2809999999999997 2.2991 -11.2369
-4.1322 -0.9631000000000001 -17.3349
-2.3594 4.000299999999999 -2.5149999999999997
-2.3594 5.5602 -2.6569
-2.3594 5.5602 -2.9405
-2.3594 5.5602 -2.5859
-2.3594 5.5602 -3.0116
-2.3594 0.4556 -2.7279
-2.3594 0.4556 3.016
-2.3594 0.4556 -2.6569
-2.3594 0.4556 -2.9407
-3.5649 -0.6082 -13.364500000000001
-3.5649 5.5609 -1.3805
-3.5649 2.5117000000000003 -14.428199999999999
-3.5649 5.5602 -0.0332
-3.5649 5.5602 -1.4514
-3.5649 4.2843 -10.0321
-3.5649 0.4556 -0.0332
-3.5649 0.4556 1.3141999999999998
-3.5649 2.2274 -11.8757
-0.0897 5.7028 -7.6916
-0.0897 5.4901 -7.478899999999999
-1.7921 8.1135 1.9525000000000001
-0.8704999999999999 7.7587 -9.1807
-1.7217 5.9155 -5.8479
-1.7217 5.7028 -6.9825
1.7534999999999998 7.5464 2.6612
1.7534999999999998 -3.4446999999999997 -13.5769
1.7534999999999998 -3.1607000000000003 -13.8609
1.7534999999999998 2.2988 -11.3796
1.7534999999999998 2.2988 -11.0244
0.05109999999999999 5.8443000000000005 -5.4935
3.5967 2.299 -14.428199999999999
3.5967 4.2843 -11.876100000000001
3.5967 2.4407 -14.428199999999999
-3.9191999999999996 2.299 -12.2299
-2.9976 7.5463000000000005 1.2435
-2.9976 7.5463000000000005 1.0309000000000001
-1.2248 5.9154 -5.4224000000000006
1.3992 8.3971 0.8888999999999999
1.3992 8.1134 0.8888999999999999
-0.3032 6.9081 3.583
1.4696 6.908 -10.5281
1.4696 1.3775000000000002 -3.2243
-0.2328 8.6099 -6.2734
3.2424 2.299 -14.4285
2.3912 6.4115 -2.9407
1.54 4.2842 -9.4648
1.54 4.213299999999999 -9.4648
1.54 5.9862 -4.2173
1.9665 8.4681 -4.6424
0.2641 5.5602 -3.5079
0.2641 5.5602 -3.7914999999999996
0.2641 0.4556 -3.7914999999999996
0.2641 0.4556 -3.5787
0.2641 1.8027000000000002 -3.5079
0.33449999999999996 5.3481000000000005 -7.6205
3.8097 5.2063 -9.7484
3.8097 4.2843 -10.2446
3.8097 0.6678 -12.3007
2.1073 7.8295 -8.117099999999999
-3.4223000000000003 5.9159999999999995 -7.8334
-3.4223000000000003 7.2623999999999995 -7.8334
-3.3519 -2.0977 -14.5701
-4.2031 -1.0341 -14.57
-4.2031 2.2988 -12.6557
-0.7279 8.113 -8.4007
-1.5791 8.539 -4.2173
-1.5791 8.539 -5.4220999999999995
-3.2815 5.5609 -1.3805
0.19369999999999998 -2.7362 -12.868099999999998
-1.5087 8.4681 -4.217
-1.5087 8.4681 -5.4222
-3.8469999999999995 5.2061 -10.174999999999999
-2.0038 8.254999999999999 -6.8407
-2.0038 5.2061 -8.4024
-2.0038 5.1352 -8.4024
-2.0038 5.7737 -6.9825
-3.7062 7.263 -6.9825
-3.6358 5.4183 -1.3095
-3.6358 6.694999999999999 0.8178
-3.6358 5.5602 1.2430999999999999
-1.0118 6.7661 3.5122
-1.863 5.5607 -2.9407
-0.0902 6.6954 -11.166
-0.9414 -4.1537 -14.3573
0.8314 5.9154 -4.2173
3.4554 4.1423000000000005 -10.0319
0.9018 5.915299999999999 -5.8481
2.6746 7.6877 -7.8334
-2.2877 8.1134 -6.9825
-3.0685000000000002 -3.0194 -17.3353
-3.0685000000000002 4.3545 -1.5932000000000002
-0.3741 0.4556 3.7960000000000003
-1.2253 8.6099 -2.9407
1.3986999999999998 6.482499999999999 3.4412
1.3986999999999998 -2.665 -13.364300000000002
3.1715 4.4255 2.165
3.1715 4.4255 -2.1604
3.1715 5.5602 1.2434
3.1715 5.5602 -1.3096
3.2419000000000002 7.6168 -6.9825
2.5315 5.4198 -8.117099999999999
1.6803 5.2061 -12.582699999999999
1.1148 8.6099 0.10859999999999999
1.1148 8.5388 0.8887
3.7388 0.384 -12.3723
3.7388 -1.5301 -13.5063
3.7388 4.6383 0.7468
3.7388 2.1569000000000003 -11.450299999999999
3.7388 2.299 -11.3787
3.7388 5.5602 -0.0329
3.7388 5.5602 -0.6006
3.7388 5.5602 -0.0333
3.7388 0.4556 -0.7421
3.7388 0.4556 -0.0329
3.7388 0.4556 -0.0333
3.7388 3.5749999999999997 -0.8130999999999999
-3.4228 5.5609 -8.4007
-3.4228 6.5537 -5.4222
-3.4228 6.270100000000001 -6.8407
-3.4228 6.269900000000001 -8.4007
-4.274 0.2422 -17.3349
-2.5012 4.000299999999999 2.3778
-2.5012 5.5602 2.3778
-1.5796000000000001 3.6458999999999997 -14.4285
-1.5796000000000001 5.2764 -3.5077999999999996
3.7365000000000004 5.2061 -10.2466
-2.0747 8.042399999999999 -7.6916
-3.7067 1.3065 1.0305
-3.7067 5.5602 -1.0967
-3.7067 7.475099999999999 -1.3805
-3.7067 0.8808 -15.1377
-3.7067 0.4556 -0.9547999999999999
-1.0827 5.9154 -4.2173
-1.9339 8.3261 1.0309000000000001
-2.7851 7.900799999999999 1.0301
0.6901 4.213299999999999 -9.394
3.3845 5.5607 0.7469
3.3845 -2.452 -13.9314
2.5333 3.6455 2.8743000000000003
2.5333 5.5602 2.8034
2.5333 0.4556 2.5196
2.5333 0.4556 -2.8697
2.5333 -2.8063000000000002 -13.364500000000001
0.8309000000000001 8.2549 -7.8334
3.4549000000000003 7.7592 -5.2803
-1.3666 5.5602 3.1579
-1.3666 0.4556 3.5832
-2.2178 -1.6718 -12.6553
1.3278 5.5602 -3.1532999999999998
1.3278 5.5602 3.1579
1.3278 4.2843 -13.2943
1.3278 1.8027000000000002 3.2289
3.1006 6.4117999999999995 -5.4224000000000006
3.1006 7.546 0.7471
3.1006 0.4556 -2.2313
3.1006 7.5463000000000005 0.8175
0.2631 5.2061 -12.9378
2.1063 4.3553 -13.3628
-3.7049 5.2061 -9.2529
-2.6425 8.2551 -5.5644
-3.4937000000000005 2.512 -17.3356
-3.4937000000000005 7.0492 -8.117099999999999
-2.5721000000000003 8.1845 0.4627
-3.4233 4.2843 -12.2299
-0.7993 5.1356 -8.117099999999999
-1.6504999999999999 5.5602 3.4415
-1.6504999999999999 0.4556 3.4415
-1.6504999999999999 1.8027000000000002 3.0869
-2.5017 6.1282000000000005 2.8738
0.12229999999999999 8.6808 -4.2168
2.7463 7.4043 0.6758
2.7463 5.2063 -11.7333
2.7463 6.482499999999999 -9.1807
2.7463 5.2773 -11.7333
2.7463 7.5463000000000005 0.7469
1.8951 5.7735 -6.9825
3.6679000000000004 1.8737 1.1012
3.6679000000000004 6.5534 -1.5225
3.6679000000000004 2.1569000000000003 -13.1518
3.6679000000000004 6.8371 -2.0898
3.6679000000000004 6.8371 -1.4513
3.6679000000000004 2.299 -11.8043
3.6679000000000004 2.2988 -13.1518
3.6679000000000004 1.8027000000000002 -1.0967
3.6679000000000004 4.2132000000000005 -11.8043
-3.7775999999999996 5.5602 -0.0332
-3.7775999999999996 0.4556 -0.0332
-2.0048 5.5602 -3.2951
-2.856 -2.9484 -13.79
-2.856 5.2065 -9.1807
-1.0832 8.539 1.0309000000000001
3.3136 2.299 -11.237
2.4624 -3.3023999999999996 -13.7898
2.4624 4.9925999999999995 -2.3731999999999998
2.4624 5.5602 -2.3731999999999998
2.4624 2.2271 -11.0958
4.2352 -0.6084 -17.3356
4.2352 0.6678 -13.01
4.2352 0.6678 -14.002500000000001
4.2352 0.6678 -17.3356
4.2352 0.6678 -14.0027
3.3840000000000003 7.120799999999999 -4.2172
3.3840000000000003 7.120799999999999 -5.4224000000000006
3.3840000000000003 7.1915000000000004 0.8892000000000001
3.5248 6.765599999999999 -8.4007
3.5951999999999997 4.2844 -10.0329
-2.3591 5.5607 -2.9407
-2.3591 6.4826 -3.437
-3.2103 4.000299999999999 1.3141999999999998
-3.2103 5.4893 1.3141999999999998
-3.2103 0.4556 2.094
0.3353 5.2772 -8.6136
0.3353 7.3332999999999995 -10.1741
-1.3671 4.1424 -14.428199999999999
2.1081 1.3775000000000002 -3.2239999999999998
2.1081 8.2552 0.9599
1.2569000000000001 -4.083 -14.427999999999999
3.0297 -2.3813 -17.3356
3.0297 -3.0904000000000003 -14.924599999999998
3.0297 -2.807 -13.8609
3.0297 -2.6651000000000002 -14.924599999999998
3.0297 -3.0194 -17.3356
3.0297 5.5607 -2.3021
3.0297 6.5535 2.0938
3.0297 7.2623999999999995 1.598
3.0297 -3.0907 -14.924599999999998
3.9513 3.5753 -11.876100000000001
-3.4919 5.2061 -11.0947
-2.5703 4.2844 -9.608
-3.2807000000000004 6.624199999999999 -6.9825
-4.1319 2.4408 -12.8683
-4.1319 2.3699000000000003 -11.7335
-4.1319 -1.247 -14.57
-1.7918 7.4752 2.1654
-1.7918 5.5609 2.9454000000000002
-1.7918 5.5609 3.3703999999999996
-0.8702 1.8027000000000002 3.7251
-1.7214 4.0005 -14.4285
0.0514 8.6808 -4.9263
2.6754 6.2700000000000005 -4.2168
2.6754 7.475 0.7471
2.6754 1.8027000000000002 -2.2313
1.8242 8.3264 0.8887
1.8242 8.0426 0.8887
1.8242 8.4681 -0.2463
0.12179999999999999 8.1135 -8.4007
3.5970000000000004 7.333399999999999 -0.24650000000000002
3.5970000000000004 2.299 -17.3353
3.5970000000000004 5.5602 1.1012
3.5970000000000004 6.1992 -9.1807
3.5970000000000004 -2.3813999999999997 -17.3356
3.5970000000000004 0.4556 -0.0329
3.5970000000000004 0.4556 1.2430999999999999
3.5970000000000004 0.4556 -0.0333
3.5970000000000004 2.37 -14.4285
3.5970000000000004 2.37 -17.3353
-3.8485 2.299 -11.4496
-3.8485 -0.9631000000000001 -14.57
-2.9269 4.2843 -12.2299
-2.0053 8.468 -2.9405
1.4699 7.6169 -9.1807
1.4699 5.5602 3.0869
1.4699 5.5602 3.4415
1.4699 0.4556 3.2996
1.4699 0.4556 3.4415
1.4699 1.8027000000000002 3.1577
0.6187 -3.7997000000000005 -15.1376
0.6187 -3.7997000000000005 -17.3353
0.6187 -4.2249 -14.4287
0.6187 -4.2249 -17.3353
0.6187 -3.9414 -14.4287
0.6187 -3.7992999999999997 -13.5063
-1.0836999999999999 8.4678 -6.840599999999999
3.2426999999999997 2.9371 -14.3565
3.2426999999999997 5.2773 -11.236799999999999
3.2426999999999997 2.299 -14.428199999999999
3.2426999999999997 2.299 -14.0022
3.2426999999999997 -2.8066 -17.3356
3.2426999999999997 7.5463000000000005 -2.9405
2.3914999999999997 5.2066 -11.4494
2.3914999999999997 5.7738 -11.5206
1.5403 6.1281 -11.5918
4.1643 -1.0342 -14.215800000000002
4.1643 -0.8921 -14.002500000000001
4.1643 2.1569000000000003 -12.229700000000001
4.1643 1.0935000000000001 -17.0513
4.1643 -1.105 -17.3356
4.1643 -0.9631000000000001 -17.3356
3.3131 5.2062 -8.896999999999998
3.3834999999999997 6.412 -7.8335
3.3834999999999997 6.412 -8.117099999999999
0.2644 4.2843 -17.3351
-1.438 8.1842 -5.4222
2.0372000000000003 5.8445 -6.769699999999999
2.0372000000000003 5.3474 3.2287000000000003
2.0372000000000003 3.2205999999999997 -17.3353
2.0372000000000003 5.5602 -3.2239999999999998
2.0372000000000003 -3.7994 -14.428099999999999
2.0372000000000003 3.7168 -17.3353
2.0372000000000003 3.4332000000000003 -14.4285
1.1860000000000002 0.7394000000000001 3.6540999999999997
1.1860000000000002 7.191400000000001 -9.251900000000001
1.1860000000000002 0.4556 -3.6494999999999997
3.81 -0.9631000000000001 -14.0027
2.9588 -2.3813 -15.1377
1.2564 5.3481000000000005 -7.7623
0.4052 5.8444 -6.840599999999999
3.0292 6.057300000000001 -6.9825
-3.2812 5.5602 1.3141999999999998
-3.2812 0.4556 1.3853
-3.2812 0.4556 -1.4514
-3.2812 0.9523 -2.0189
-3.6355 2.3701 -14.4288
-3.6355 6.2696000000000005 -9.251900000000001
-3.6355 2.2988 -14.428199999999999
-3.5651 2.2275 -13.364500000000001
0.8317 5.5602 -3.7204
-0.0195 5.5602 3.7960000000000003
-0.0195 5.5602 3.5124000000000004
-0.0195 0.4556 3.7960000000000003
-0.0195 0.4556 3.5832999999999995
2.6045 0.4556 2.4486
1.7533 5.4193 -12.300600000000001
1.7533 5.5609 2.9452
1.7533 7.475099999999999 2.0942
3.5261 2.5117000000000003 -14.4285
3.5261 6.9081 0.7469
1.8236999999999999 5.1362 -8.4007
0.9724999999999999 4.3553 -14.144000000000002
-2.217 7.8295 -8.117099999999999
-2.1466 1.8027000000000002 -2.7279
-2.9978000000000002 5.5602 2.3778
2.3206 4.8512 2.5196
2.3206 5.5602 2.5196
4.0934 0.5965 -12.584699999999998
4.0934 0.8098 -12.442599999999999
3.3126 6.270100000000001 -6.8407
1.9663 0.4556 3.2996
1.9663 6.6951 -10.5282
1.1151 6.2698 -4.2173
1.1151 6.2698 -4.7844
0.26389999999999997 4.3553 -14.4985
2.0367 5.5607 -3.2244
0.3343 8.3263 -7.6916
-1.0097 4.9934 -8.4018
-3.3521 7.6167 -6.9825
-1.5793000000000001 7.6172 2.8031
-2.4305 7.1913 -9.1807
-2.4305 5.2063 -11.5205
-2.4305 5.2063 -12.0879
-2.4305 6.7658 -9.1807
0.1935 8.6099 -4.2168
-3.7768 6.8371 -6.2025
-3.7064 7.4756 -6.2025
-0.2312 8.1845 -8.117099999999999
-0.2312 7.9004 -8.117099999999999
-2.7848 4.9222 2.6616999999999997
-1.8632 -3.8703000000000003 -17.335
-1.8632 -3.8703000000000003 -14.3573
0.7608 8.6808 -0.3172
0.7608 6.6953 3.583
0.7608 5.7028 3.7249
0.7608 -3.7287 -17.3353
-0.0904 8.6808 0.5337999999999999
-0.0904 8.6808 -2.9405
-0.0904 8.6099 1.0301
-0.0904 5.2773 -8.6136
-0.0904 8.3972 -2.9405
-0.0904 8.3263 1.0301
-0.0904 1.8027000000000002 3.5124000000000004
2.5336000000000003 7.4043 2.1648
2.5336000000000003 6.340800000000001 2.732
1.6824 8.5389 -1.0269
1.6824 0.5967 -12.159
3.4552 6.624499999999999 -2.9407
2.604 7.1207 -9.1807
-3.1391 8.042399999999999 -5.1384
-3.1391 8.0427 -2.9405
-3.9903 1.5896000000000001 -17.3353
-2.2175000000000002 5.5602 -2.6569
-3.0686999999999998 2.2987 -15.1377
-3.0686999999999998 2.2276000000000002 -15.1377
-3.0686999999999998 2.2276000000000002 -17.3353
-0.44470000000000004 -3.7286 -13.4353
1.3280999999999998 8.4679 1.1018999999999999
0.4769 -4.2250000000000005 -14.215300000000001
3.1008999999999998 -3.0195 -16.0583
3.1008999999999998 -1.3885 -12.8683
3.1008999999999998 2.3699000000000003 -11.166
3.1008999999999998 2.299 -11.5914
3.1008999999999998 4.2843 -9.89
3.1008999999999998 0.6678 -12.0172
3.1008999999999998 -2.8066 -14.0027
3.1008999999999998 6.9081 0.7469
2.2497 5.2764 -3.0822
4.0225 2.2988 -13.1518
3.1713 4.2843 -12.5142
3.1713 4.1423000000000005 -11.805200000000001
3.7386000000000004 2.299 -11.805200000000001
3.8089999999999997 5.2061 -9.5376
-3.4934 7.262499999999999 -5.9189
-3.4934 7.262499999999999 -5.4224000000000006
-3.4229999999999996 7.0498 -6.840599999999999
-3.4229999999999996 7.0501 -6.840599999999999
-3.4229999999999996 4.2843 -12.3011
-3.4229999999999996 -2.6653 -14.5701
-3.4229999999999996 0.4556 -1.6642000000000001
-3.4229999999999996 5.7743 -8.117099999999999
-3.4229999999999996 -1.8143 -13.364500000000001
-0.7286 5.5609 3.7249
-0.7286 8.397 1.9525000000000001
-0.7286 7.9718 2.8031
1.8954 6.5535 3.1576
1.0442 -3.0906 -13.081000000000001
-3.7773000000000003 6.6956 -6.9825
-3.7773000000000003 6.553299999999999 -7.1954
-2.0045 8.326 -6.627800000000001
-2.8556999999999997 1.6613 2.5906
-2.8556999999999997 0.4556 2.3778
-3.7068999999999996 -0.4666 -12.7972
-3.7068999999999996 2.2988 -11.4499
-3.7068999999999996 -1.2468 -13.364500000000001
-3.7068999999999996 -2.0977 -17.3353
-3.7068999999999996 -0.9631000000000001 -15.1376
-3.7068999999999996 -0.9631000000000001 -17.3353
-1.9341000000000002 3.9297 -14.428199999999999
-1.9341000000000002 3.5045 -14.285999999999998
-1.0125 6.4115 -11.4499
0.7603000000000001 8.2552 -5.9189
3.3842999999999996 7.2626 -4.2168
3.3842999999999996 7.2626 -2.9407
3.3842999999999996 5.6325 -8.4007
3.4547000000000003 5.5609 -8.4717
3.4547000000000003 6.1282000000000005 -8.4007
3.4547000000000003 6.057300000000001 -7.6206
3.4547000000000003 6.341099999999999 -6.9825
1.0419 4.9934 -8.4018
-3.2099999999999995 6.5535 1.9526000000000001
-4.0612 -1.4596 -17.3353
-2.2884 4.000299999999999 -2.5860000000000003
-2.2884 1.0231999999999999 -3.0824000000000003
-0.5156 4.709300000000001 -3.7914999999999996
-2.218 6.908 2.8738
2.1084 8.0425 -2.9409
2.1084 5.5607 3.1576
2.1788 -3.5157000000000003 -13.8609
3.9516000000000004 0.6678 -13.1518
3.9516000000000004 2.2988 -11.5918
2.2492 5.489999999999999 -7.8334
1.6092 4.2844 -9.3949
-3.4939 3.5041999999999995 -12.2304
-3.4939 6.2698 -8.4007
-3.4939 5.2773 -8.896999999999998
-3.4939 0.4556 1.3141999999999998
-3.4939 -2.5229 -14.428199999999999
-0.8699 4.2843 -14.215
-0.8699 4.3553 -14.215
-1.7211 5.4190000000000005 -7.7623
-1.7211 5.4190000000000005 -7.8331
-2.5723 4.7802999999999995 2.3067
-2.5723 -3.0192 -14.57
-2.5723 -2.6648 -13.364500000000001
-2.5723 -2.0271 -13.364500000000001
-2.5723 7.5463000000000005 0.8883
1.7541000000000002 7.8296 -8.4717
-1.6507 8.1845 -2.9405
1.8245 8.4681 -2.9402
1.8245 7.546 2.5901
1.8245 7.546 2.0229
0.9733 7.2623 3.2994999999999997
3.5972999999999997 2.2987 -13.1518
3.5972999999999997 2.2987 -17.3356
1.8949 6.128 -4.2173
3.6677 7.1921 -6.840599999999999
3.6677 6.908200000000001 -6.4151
3.6677 6.624099999999999 -6.840599999999999
3.6677 6.9079 -6.840599999999999
2.8165 7.3332999999999995 -8.4007
-2.1458 5.490600000000001 -7.8334
-2.997 5.4198 -8.4007
0.47819999999999996 8.3262 -7.6916
-2.0754 6.057300000000001 -5.4224000000000006
-3.7778 0.7388 -17.3349
-3.7778 0.7388 -15.138099999999998
2.3918 5.5607 -2.9405
1.5406 4.213299999999999 -13.1518
3.3133999999999997 6.553599999999999 -4.2168
3.3133999999999997 0.4556 1.2434
0.7597999999999999 6.128299999999999 -6.4151
0.7597999999999999 6.128299999999999 -5.9189
3.3838 6.908200000000001 -6.4151
3.3838 6.908200000000001 -6.840599999999999
3.3838 6.340999999999999 -6.6987000000000005
3.3838 6.766500000000001 -6.9825
3.3838 5.9865 -7.6916
-3.2105 7.5457 -1.3806
-3.2105 5.5607 -1.3806
1.1863000000000001 7.688300000000001 2.874
2.9591 5.5602 -2.3731999999999998
2.9591 0.4556 -2.3731999999999998
3.8807 4.2843 -10.8118
3.0295 4.2842 -10.315100000000001
3.0295 4.213299999999999 -9.8193
3.0295 7.9719 -0.31679999999999997
-3.4216999999999995 4.2844 -12.2287
-3.3513 7.9007 -5.4224000000000006
-3.3513 6.2700000000000005 -6.6987000000000005
-3.3513 6.8371 -6.4151
-3.3513 6.8371 -5.9189
-3.3513 6.482799999999999 -5.4224000000000006
-3.2809 7.6884999999999994 -6.840599999999999
-3.2809 2.8665 -14.499600000000001
-3.2809 2.2991 -14.4288
-4.132099999999999 0.10120000000000001 -13.009699999999999
-4.132099999999999 -0.9631000000000001 -17.3353
-2.3592999999999997 5.2063 -8.4007
